-----
state =  0 1 2 3 8 7 5 6 9 18
symbol= BTBPVPSETE
label = 0104542616
true probabilities:
     B    T    S    X    P    V    E
1 [ 0.   0.5  0.   0.   0.5  0.   0. ]
2 [ 1.  0.  0.  0.  0.  0.  0.]
3 [ 0.   0.5  0.   0.   0.5  0.   0. ]
8 [ 0.   0.5  0.   0.   0.   0.5  0. ]
7 [ 0.   0.   0.   0.   0.5  0.5  0. ]
5 [ 0.   0.   0.5  0.5  0.   0.   0. ]
6 [ 0.  0.  0.  0.  0.  0.  1.]
9 [ 0.  1.  0.  0.  0.  0.  0.]
18 [ 0.  0.  0.  0.  0.  0.  1.]
hidden activations and output probabilities [BTSXPVE]:
1 [-0.08  0.11  0.04 -0.04 -0.11] [ 0.2   0.17  0.12  0.14  0.1   0.15  0.12]
2 [-0.17  0.2  -0.12  0.02 -0.03] [ 0.21  0.14  0.13  0.15  0.1   0.15  0.11]
3 [-0.15  0.17  0.01 -0.03 -0.09] [ 0.2   0.16  0.12  0.15  0.1   0.15  0.12]
8 [-0.08  0.16 -0.05 -0.05  0.02] [ 0.2   0.15  0.12  0.15  0.1   0.15  0.11]
7 [-0.1   0.02 -0.08 -0.06  0.01] [ 0.2   0.16  0.12  0.16  0.1   0.15  0.12]
5 [-0.05  0.11 -0.07 -0.08  0.05] [ 0.2   0.16  0.12  0.16  0.09  0.15  0.11]
6 [-0.11 -0.04 -0.17  0.02 -0.01] [ 0.2   0.15  0.12  0.16  0.1   0.15  0.12]
9 [-0.2   0.08 -0.12  0.07 -0.13] [ 0.2   0.15  0.13  0.15  0.1   0.14  0.12]
18 [-0.2   0.17 -0.16  0.08 -0.01] [ 0.21  0.14  0.13  0.16  0.1   0.15  0.12]
epoch: 0
error: 0.0538
final: 0.1219
-----
state =  0 1 2 3 8 7 6 9 18
symbol= BTBPVVETE
label = 010455616
true probabilities:
     B    T    S    X    P    V    E
1 [ 0.   0.5  0.   0.   0.5  0.   0. ]
2 [ 1.  0.  0.  0.  0.  0.  0.]
3 [ 0.   0.5  0.   0.   0.5  0.   0. ]
8 [ 0.   0.5  0.   0.   0.   0.5  0. ]
7 [ 0.   0.   0.   0.   0.5  0.5  0. ]
6 [ 0.  0.  0.  0.  0.  0.  1.]
9 [ 0.  1.  0.  0.  0.  0.  0.]
18 [ 0.  0.  0.  0.  0.  0.  1.]
hidden activations and output probabilities [BTSXPVE]:
1 [-0.21  0.48  0.6  -0.04 -0.58] [ 0.09  0.46  0.03  0.02  0.32  0.05  0.03]
2 [-0.27  0.83 -0.6   0.06 -0.12] [ 0.46  0.13  0.11  0.12  0.07  0.07  0.04]
3 [-0.59  0.73  0.65  0.28 -0.55] [ 0.05  0.42  0.03  0.02  0.41  0.06  0.02]
8 [-0.58  0.91 -0.63  0.56  0.02] [ 0.26  0.13  0.16  0.14  0.1   0.13  0.07]
7 [-0.88 -0.04  0.55  0.76  0.43] [ 0.01  0.17  0.09  0.05  0.22  0.35  0.11]
6 [-0.85 -0.52 -0.2   0.8  -0.08] [ 0.01  0.11  0.1   0.08  0.1   0.12  0.48]
9 [-0.84 -0.18  0.55  0.66 -0.72] [ 0.01  0.35  0.03  0.02  0.38  0.05  0.16]
18 [-0.66 -0.83 -0.68  0.86 -0.38] [ 0.01  0.05  0.07  0.06  0.03  0.04  0.75]
epoch: 1000
error: 0.0275
final: 0.0859
-----
state =  0 1 2 3 8 7 5 8 8 7 5 6 9 18
symbol= BTBPVPXTVPSETE
label = 01045431542616
true probabilities:
     B    T    S    X    P    V    E
1 [ 0.   0.5  0.   0.   0.5  0.   0. ]
2 [ 1.  0.  0.  0.  0.  0.  0.]
3 [ 0.   0.5  0.   0.   0.5  0.   0. ]
8 [ 0.   0.5  0.   0.   0.   0.5  0. ]
7 [ 0.   0.   0.   0.   0.5  0.5  0. ]
5 [ 0.   0.   0.5  0.5  0.   0.   0. ]
8 [ 0.   0.5  0.   0.   0.   0.5  0. ]
8 [ 0.   0.5  0.   0.   0.   0.5  0. ]
7 [ 0.   0.   0.   0.   0.5  0.5  0. ]
5 [ 0.   0.   0.5  0.5  0.   0.   0. ]
6 [ 0.  0.  0.  0.  0.  0.  1.]
9 [ 0.  1.  0.  0.  0.  0.  0.]
18 [ 0.  0.  0.  0.  0.  0.  1.]
hidden activations and output probabilities [BTSXPVE]:
1 [-0.26  0.56  0.69 -0.13 -0.65] [ 0.06  0.5   0.01  0.01  0.39  0.03  0.01]
2 [-0.29  0.89 -0.68 -0.41 -0.26] [ 0.84  0.05  0.03  0.04  0.02  0.01  0.01]
3 [-0.75  0.86  0.66  0.38 -0.61] [ 0.01  0.49  0.01  0.    0.44  0.03  0.01]
8 [-0.73  0.95 -0.67  0.75  0.17] [ 0.1   0.2   0.23  0.21  0.07  0.15  0.04]
7 [-0.95 -0.21  0.61  0.83  0.59] [ 0.    0.18  0.07  0.04  0.2   0.46  0.05]
5 [-0.48  0.13 -0.5   0.79  0.47] [ 0.02  0.09  0.25  0.24  0.04  0.22  0.14]
8 [-0.63 -0.03  0.05  0.26  0.74] [ 0.01  0.12  0.2   0.17  0.07  0.38  0.05]
8 [-0.4   0.41  0.22  0.66  0.65] [ 0.01  0.19  0.12  0.09  0.1   0.47  0.02]
7 [-0.86 -0.23  0.54  0.84  0.16] [ 0.    0.26  0.06  0.03  0.29  0.25  0.11]
5 [-0.55 -0.03 -0.62  0.83  0.24] [ 0.02  0.08  0.22  0.21  0.04  0.13  0.3 ]
6 [-0.82 -0.43 -0.83  0.82  0.14] [ 0.    0.03  0.15  0.15  0.02  0.05  0.6 ]
9 [-0.87 -0.05  0.67  0.33 -0.65] [ 0.    0.38  0.01  0.01  0.5   0.04  0.06]
18 [-0.64 -0.81 -0.72  0.91 -0.37] [ 0.    0.02  0.03  0.03  0.01  0.01  0.9 ]
epoch: 2000
error: 0.0268
final: 0.0915
-----
state =  0 1 2 3 4 4 4 4 4 5 6 9 18
symbol= BTBTSSSSXSETE
label = 0101222232616
true probabilities:
     B    T    S    X    P    V    E
1 [ 0.   0.5  0.   0.   0.5  0.   0. ]
2 [ 1.  0.  0.  0.  0.  0.  0.]
3 [ 0.   0.5  0.   0.   0.5  0.   0. ]
4 [ 0.   0.   0.5  0.5  0.   0.   0. ]
4 [ 0.   0.   0.5  0.5  0.   0.   0. ]
4 [ 0.   0.   0.5  0.5  0.   0.   0. ]
4 [ 0.   0.   0.5  0.5  0.   0.   0. ]
4 [ 0.   0.   0.5  0.5  0.   0.   0. ]
5 [ 0.   0.   0.5  0.5  0.   0.   0. ]
6 [ 0.  0.  0.  0.  0.  0.  1.]
9 [ 0.  1.  0.  0.  0.  0.  0.]
18 [ 0.  0.  0.  0.  0.  0.  1.]
hidden activations and output probabilities [BTSXPVE]:
1 [-0.31  0.57  0.72 -0.2  -0.67] [ 0.04  0.49  0.    0.    0.43  0.02  0.  ]
2 [-0.3   0.91 -0.68 -0.66 -0.33] [ 0.95  0.02  0.01  0.01  0.    0.    0.  ]
3 [-0.82  0.9   0.67  0.56 -0.64] [ 0.    0.5   0.    0.    0.46  0.03  0.  ]
4 [-0.76  0.97 -0.69  0.82  0.29] [ 0.04  0.21  0.27  0.28  0.04  0.15  0.02]
4 [-0.93  0.32 -0.9   0.84  0.62] [ 0.    0.04  0.38  0.4   0.01  0.1   0.06]
4 [-0.88 -0.49 -0.94  0.72  0.64] [ 0.    0.01  0.31  0.32  0.    0.05  0.31]
4 [-0.77 -0.26 -0.94  0.58  0.45] [ 0.01  0.02  0.31  0.34  0.01  0.05  0.27]
4 [-0.82 -0.39 -0.95  0.64  0.38] [ 0.    0.02  0.26  0.27  0.01  0.03  0.41]
5 [-0.59 -0.02 -0.55  0.07  0.8 ] [ 0.02  0.04  0.36  0.41  0.01  0.13  0.04]
6 [-0.7  -0.58 -0.68  0.69  0.23] [ 0.    0.02  0.16  0.15  0.01  0.04  0.62]
9 [-0.8  -0.03  0.72  0.13 -0.62] [ 0.    0.35  0.01  0.    0.57  0.03  0.03]
18 [-0.57 -0.85 -0.72  0.9  -0.4 ] [ 0.    0.    0.01  0.01  0.    0.    0.96]
epoch: 3000
error: 0.0174
final: 0.1081
-----
state =  0 1 2 3 8 8 7 5 6 9 18
symbol= BTBPTVPSETE
label = 01041542616
true probabilities:
     B    T    S    X    P    V    E
1 [ 0.   0.5  0.   0.   0.5  0.   0. ]
2 [ 1.  0.  0.  0.  0.  0.  0.]
3 [ 0.   0.5  0.   0.   0.5  0.   0. ]
8 [ 0.   0.5  0.   0.   0.   0.5  0. ]
8 [ 0.   0.5  0.   0.   0.   0.5  0. ]
7 [ 0.   0.   0.   0.   0.5  0.5  0. ]
5 [ 0.   0.   0.5  0.5  0.   0.   0. ]
6 [ 0.  0.  0.  0.  0.  0.  1.]
9 [ 0.  1.  0.  0.  0.  0.  0.]
18 [ 0.  0.  0.  0.  0.  0.  1.]
hidden activations and output probabilities [BTSXPVE]:
1 [-0.36  0.56  0.74 -0.24 -0.68] [ 0.02  0.53  0.    0.    0.41  0.02  0.  ]
2 [-0.34  0.91 -0.7  -0.71 -0.32] [ 0.97  0.01  0.01  0.01  0.    0.    0.  ]
3 [-0.86  0.91  0.71  0.66 -0.63] [ 0.    0.51  0.    0.    0.45  0.03  0.  ]
8 [-0.52  0.96 -0.26  0.82  0.43] [ 0.01  0.3   0.18  0.17  0.06  0.28  0.  ]
8 [-0.67  0.92  0.47  0.69  0.77] [ 0.    0.29  0.04  0.03  0.1   0.54  0.  ]
7 [-0.9  -0.32  0.68  0.92  0.37] [ 0.    0.18  0.03  0.01  0.33  0.4   0.04]
5 [-0.12 -0.09 -0.43  0.48  0.64] [ 0.01  0.05  0.35  0.36  0.02  0.15  0.06]
6 [-0.64 -0.55 -0.72  0.74 -0.09] [ 0.    0.01  0.07  0.06  0.01  0.01  0.83]
9 [-0.76 -0.03  0.72  0.06 -0.76] [ 0.    0.33  0.    0.    0.62  0.02  0.03]
18 [-0.53 -0.83 -0.74  0.92 -0.52] [ 0.    0.    0.01  0.01  0.    0.    0.98]
epoch: 4000
error: 0.0102
final: 0.1189
-----
state =  0 1 10 11 16 16 16 15 13 14 17 18
symbol= BPBPTTVPSEPE
label = 040411542646
true probabilities:
     B    T    S    X    P    V    E
1 [ 0.   0.5  0.   0.   0.5  0.   0. ]
10 [ 1.  0.  0.  0.  0.  0.  0.]
11 [ 0.   0.5  0.   0.   0.5  0.   0. ]
16 [ 0.   0.5  0.   0.   0.   0.5  0. ]
16 [ 0.   0.5  0.   0.   0.   0.5  0. ]
16 [ 0.   0.5  0.   0.   0.   0.5  0. ]
15 [ 0.   0.   0.   0.   0.5  0.5  0. ]
13 [ 0.   0.   0.5  0.5  0.   0.   0. ]
14 [ 0.  0.  0.  0.  0.  0.  1.]
17 [ 0.  0.  0.  0.  1.  0.  0.]
18 [ 0.  0.  0.  0.  0.  0.  1.]
hidden activations and output probabilities [BTSXPVE]:
1 [-0.41  0.51  0.75 -0.27 -0.7 ] [ 0.02  0.52  0.    0.    0.44  0.02  0.  ]
10 [-0.15  0.89 -0.37 -0.69 -0.35] [ 0.97  0.02  0.    0.    0.    0.    0.  ]
11 [-0.86  0.93  0.74  0.57 -0.71] [ 0.    0.49  0.    0.    0.48  0.02  0.  ]
16 [-0.35  0.97 -0.15  0.78  0.37] [ 0.01  0.38  0.12  0.12  0.07  0.29  0.  ]
16 [-0.6   0.96  0.46  0.7   0.76] [ 0.    0.3   0.03  0.02  0.08  0.57  0.  ]
16 [-0.42  0.97  0.42  0.77  0.78] [ 0.    0.27  0.03  0.02  0.06  0.61  0.  ]
15 [-0.87 -0.44  0.75  0.94  0.44] [ 0.    0.13  0.02  0.01  0.32  0.5   0.02]
13 [-0.05 -0.19 -0.4   0.33  0.71] [ 0.01  0.04  0.4   0.38  0.01  0.13  0.04]
14 [-0.53 -0.6  -0.67  0.78 -0.18] [ 0.    0.01  0.04  0.04  0.01  0.01  0.9 ]
17 [-0.62 -0.02  0.72  0.04 -0.78] [ 0.    0.31  0.    0.    0.64  0.02  0.03]
18 [-0.17 -0.85 -0.55  0.81 -0.56] [ 0.    0.    0.    0.    0.    0.    0.99]
epoch: 5000
error: 0.0072
final: 0.0330
-----
state =  0 1 10 11 16 16 16 16 16 15 14 17 18
symbol= BPBPTTTTVVEPE
label = 0404111155646
true probabilities:
     B    T    S    X    P    V    E
1 [ 0.   0.5  0.   0.   0.5  0.   0. ]
10 [ 1.  0.  0.  0.  0.  0.  0.]
11 [ 0.   0.5  0.   0.   0.5  0.   0. ]
16 [ 0.   0.5  0.   0.   0.   0.5  0. ]
16 [ 0.   0.5  0.   0.   0.   0.5  0. ]
16 [ 0.   0.5  0.   0.   0.   0.5  0. ]
16 [ 0.   0.5  0.   0.   0.   0.5  0. ]
16 [ 0.   0.5  0.   0.   0.   0.5  0. ]
15 [ 0.   0.   0.   0.   0.5  0.5  0. ]
14 [ 0.  0.  0.  0.  0.  0.  1.]
17 [ 0.  0.  0.  0.  1.  0.  0.]
18 [ 0.  0.  0.  0.  0.  0.  1.]
hidden activations and output probabilities [BTSXPVE]:
1 [-0.45  0.47  0.75 -0.28 -0.7 ] [ 0.01  0.57  0.    0.    0.4   0.02  0.  ]
10 [-0.13  0.88 -0.37 -0.7  -0.35] [ 0.98  0.02  0.    0.    0.    0.    0.  ]
11 [-0.9   0.93  0.75  0.6  -0.72] [ 0.    0.55  0.    0.    0.43  0.02  0.  ]
16 [-0.25  0.96 -0.11  0.8   0.43] [ 0.    0.4   0.11  0.1   0.05  0.33  0.  ]
16 [-0.56  0.95  0.52  0.71  0.76] [ 0.    0.33  0.02  0.01  0.06  0.58  0.  ]
16 [-0.39  0.97  0.39  0.79  0.77] [ 0.    0.3   0.03  0.02  0.05  0.6   0.  ]
16 [-0.4   0.97  0.55  0.76  0.78] [ 0.    0.3   0.02  0.01  0.05  0.62  0.  ]
16 [-0.37  0.97  0.49  0.79  0.77] [ 0.    0.3   0.02  0.01  0.05  0.61  0.  ]
15 [-0.86 -0.55  0.78  0.96  0.43] [ 0.    0.11  0.02  0.01  0.32  0.54  0.02]
14 [-0.59 -0.82 -0.51  0.87 -0.19] [ 0.    0.    0.02  0.01  0.01  0.    0.95]
17 [-0.35 -0.01  0.69  0.03 -0.77] [ 0.    0.38  0.    0.    0.56  0.02  0.03]
18 [-0.08 -0.85 -0.56  0.82 -0.59] [ 0.    0.    0.    0.    0.    0.    0.99]
epoch: 6000
error: 0.0066
final: 0.0488
-----
state =  0 1 2 3 8 7 6 9 18
symbol= BTBPVVETE
label = 010455616
true probabilities:
     B    T    S    X    P    V    E
1 [ 0.   0.5  0.   0.   0.5  0.   0. ]
2 [ 1.  0.  0.  0.  0.  0.  0.]
3 [ 0.   0.5  0.   0.   0.5  0.   0. ]
8 [ 0.   0.5  0.   0.   0.   0.5  0. ]
7 [ 0.   0.   0.   0.   0.5  0.5  0. ]
6 [ 0.  0.  0.  0.  0.  0.  1.]
9 [ 0.  1.  0.  0.  0.  0.  0.]
18 [ 0.  0.  0.  0.  0.  0.  1.]
hidden activations and output probabilities [BTSXPVE]:
1 [-0.48  0.43  0.75 -0.3  -0.71] [ 0.01  0.56  0.    0.    0.42  0.01  0.  ]
2 [-0.4   0.88 -0.72 -0.78 -0.36] [ 0.99  0.    0.    0.    0.    0.    0.  ]
3 [-0.91  0.89  0.75  0.72 -0.72] [ 0.    0.5   0.    0.    0.48  0.02  0.  ]
8 [-0.17  0.95 -0.09  0.83  0.5 ] [ 0.    0.37  0.1   0.1   0.04  0.38  0.  ]
7 [-0.91 -0.65  0.71  0.94  0.49] [ 0.    0.07  0.02  0.01  0.35  0.54  0.01]
6 [-0.52 -0.83 -0.47  0.85 -0.14] [ 0.    0.    0.02  0.02  0.01  0.    0.95]
9 [-0.12 -0.01  0.71  0.02 -0.75] [ 0.    0.43  0.    0.    0.52  0.02  0.02]
18 [-0.02 -0.85 -0.71  0.93 -0.62] [ 0.  0.  0.  0.  0.  0.  1.]
epoch: 7000
error: 0.0041
final: 0.0855
-----
state =  0 1 10 11 16 15 14 17 18
symbol= BPBPVVEPE
label = 040455646
true probabilities:
     B    T    S    X    P    V    E
1 [ 0.   0.5  0.   0.   0.5  0.   0. ]
10 [ 1.  0.  0.  0.  0.  0.  0.]
11 [ 0.   0.5  0.   0.   0.5  0.   0. ]
16 [ 0.   0.5  0.   0.   0.   0.5  0. ]
15 [ 0.   0.   0.   0.   0.5  0.5  0. ]
14 [ 0.  0.  0.  0.  0.  0.  1.]
17 [ 0.  0.  0.  0.  1.  0.  0.]
18 [ 0.  0.  0.  0.  0.  0.  1.]
hidden activations and output probabilities [BTSXPVE]:
1 [-0.51  0.36  0.76 -0.31 -0.72] [ 0.    0.51  0.    0.    0.47  0.01  0.  ]
10 [-0.1   0.85 -0.39 -0.73 -0.39] [ 0.99  0.01  0.    0.    0.    0.    0.  ]
11 [-0.93  0.9   0.75  0.62 -0.76] [ 0.    0.5   0.    0.    0.48  0.01  0.  ]
16 [-0.16  0.96 -0.07  0.82  0.47] [ 0.    0.43  0.08  0.08  0.04  0.37  0.  ]
15 [-0.91 -0.67  0.71  0.94  0.47] [ 0.    0.06  0.02  0.01  0.37  0.54  0.01]
14 [-0.5  -0.83 -0.52  0.87 -0.18] [ 0.    0.    0.02  0.01  0.01  0.    0.96]
17 [-0.09 -0.    0.72  0.02 -0.76] [ 0.    0.42  0.    0.    0.54  0.02  0.02]
18 [-0.02 -0.85 -0.54  0.84 -0.63] [ 0.  0.  0.  0.  0.  0.  1.]
epoch: 8000
error: 0.0029
final: 0.0557
-----
state =  0 1 2 3 4 5 8 7 6 9 18
symbol= BTBTXXVVETE
label = 01013355616
true probabilities:
     B    T    S    X    P    V    E
1 [ 0.   0.5  0.   0.   0.5  0.   0. ]
2 [ 1.  0.  0.  0.  0.  0.  0.]
3 [ 0.   0.5  0.   0.   0.5  0.   0. ]
4 [ 0.   0.   0.5  0.5  0.   0.   0. ]
5 [ 0.   0.   0.5  0.5  0.   0.   0. ]
8 [ 0.   0.5  0.   0.   0.   0.5  0. ]
7 [ 0.   0.   0.   0.   0.5  0.5  0. ]
6 [ 0.  0.  0.  0.  0.  0.  1.]
9 [ 0.  1.  0.  0.  0.  0.  0.]
18 [ 0.  0.  0.  0.  0.  0.  1.]
hidden activations and output probabilities [BTSXPVE]:
1 [-0.52  0.35  0.76 -0.36 -0.72] [ 0.    0.54  0.    0.    0.45  0.01  0.  ]
2 [-0.4   0.86 -0.72 -0.8  -0.41] [ 1.  0.  0.  0.  0.  0.  0.]
3 [-0.92  0.87  0.75  0.72 -0.77] [ 0.    0.5   0.    0.    0.48  0.01  0.  ]
4 [-0.64  0.95 -0.73  0.89  0.58] [ 0.    0.06  0.37  0.5   0.01  0.06  0.  ]
5 [-0.32 -0.31 -0.54  0.04  0.84] [ 0.    0.01  0.56  0.4   0.    0.03  0.  ]
8 [-0.1   0.34  0.59  0.02  0.7 ] [ 0.    0.39  0.03  0.01  0.06  0.51  0.  ]
7 [-0.73 -0.65  0.75  0.96  0.35] [ 0.    0.06  0.01  0.    0.42  0.5   0.01]
6 [-0.29 -0.83 -0.54  0.89 -0.27] [ 0.    0.    0.01  0.01  0.    0.    0.98]
9 [ 0.05 -0.    0.73  0.01 -0.77] [ 0.    0.49  0.    0.    0.47  0.02  0.02]
18 [ 0.16 -0.85 -0.69  0.93 -0.67] [ 0.  0.  0.  0.  0.  0.  1.]
epoch: 9000
error: 0.0019
final: 0.0698
-----
state =  0 1 10 11 12 13 16 16 15 14 17 18
symbol= BPBTXXTVVEPE
label = 040133155646
true probabilities:
     B    T    S    X    P    V    E
1 [ 0.   0.5  0.   0.   0.5  0.   0. ]
10 [ 1.  0.  0.  0.  0.  0.  0.]
11 [ 0.   0.5  0.   0.   0.5  0.   0. ]
12 [ 0.   0.   0.5  0.5  0.   0.   0. ]
13 [ 0.   0.   0.5  0.5  0.   0.   0. ]
16 [ 0.   0.5  0.   0.   0.   0.5  0. ]
16 [ 0.   0.5  0.   0.   0.   0.5  0. ]
15 [ 0.   0.   0.   0.   0.5  0.5  0. ]
14 [ 0.  0.  0.  0.  0.  0.  1.]
17 [ 0.  0.  0.  0.  1.  0.  0.]
18 [ 0.  0.  0.  0.  0.  0.  1.]
hidden activations and output probabilities [BTSXPVE]:
1 [-0.54  0.33  0.76 -0.37 -0.72] [ 0.    0.51  0.    0.    0.47  0.01  0.  ]
10 [-0.07  0.84 -0.4  -0.75 -0.41] [ 1.  0.  0.  0.  0.  0.  0.]
11 [-0.95  0.9   0.75  0.58 -0.77] [ 0.    0.51  0.    0.    0.48  0.01  0.  ]
12 [-0.67  0.96 -0.74  0.85  0.6 ] [ 0.    0.06  0.41  0.48  0.    0.05  0.  ]
13 [-0.3  -0.29 -0.58  0.04  0.84] [ 0.    0.01  0.57  0.4   0.    0.02  0.  ]
16 [-0.09  0.38  0.6   0.02  0.72] [ 0.    0.41  0.02  0.01  0.05  0.51  0.  ]
16 [-0.19  0.89  0.66  0.71  0.64] [ 0.    0.41  0.    0.    0.03  0.55  0.  ]
15 [-0.74 -0.7   0.84  0.97  0.3 ] [ 0.    0.05  0.    0.    0.47  0.46  0.01]
14 [-0.2  -0.85 -0.63  0.9  -0.37] [ 0.    0.    0.    0.    0.    0.    0.99]
17 [ 0.09 -0.    0.73  0.01 -0.8 ] [ 0.    0.49  0.    0.    0.47  0.02  0.01]
18 [-0.   -0.84 -0.51  0.85 -0.73] [ 0.  0.  0.  0.  0.  0.  1.]
epoch: 10000
error: 0.0014
final: 0.0745
-----
state =  0 1 10 11 12 13 14 17 18
symbol= BPBTXSEPE
label = 040132646
true probabilities:
     B    T    S    X    P    V    E
1 [ 0.   0.5  0.   0.   0.5  0.   0. ]
10 [ 1.  0.  0.  0.  0.  0.  0.]
11 [ 0.   0.5  0.   0.   0.5  0.   0. ]
12 [ 0.   0.   0.5  0.5  0.   0.   0. ]
13 [ 0.   0.   0.5  0.5  0.   0.   0. ]
14 [ 0.  0.  0.  0.  0.  0.  1.]
17 [ 0.  0.  0.  0.  1.  0.  0.]
18 [ 0.  0.  0.  0.  0.  0.  1.]
hidden activations and output probabilities [BTSXPVE]:
1 [-0.55  0.31  0.76 -0.39 -0.73] [ 0.    0.48  0.    0.    0.51  0.01  0.  ]
10 [-0.07  0.84 -0.42 -0.76 -0.47] [ 1.  0.  0.  0.  0.  0.  0.]
11 [-0.96  0.89  0.75  0.6  -0.8 ] [ 0.    0.45  0.    0.    0.54  0.01  0.  ]
12 [-0.7   0.95 -0.74  0.86  0.61] [ 0.    0.05  0.38  0.52  0.    0.05  0.  ]
13 [-0.28 -0.29 -0.65  0.04  0.84] [ 0.    0.    0.55  0.43  0.    0.01  0.  ]
14 [-0.63 -0.67 -0.78  0.89 -0.42] [ 0.    0.    0.    0.01  0.    0.    0.99]
17 [-0.21 -0.    0.72  0.01 -0.77] [ 0.    0.38  0.    0.    0.6   0.01  0.01]
18 [-0.03 -0.83 -0.54  0.86 -0.59] [ 0.  0.  0.  0.  0.  0.  1.]
epoch: 11000
error: 0.0015
final: 0.0431
-----
state =  0 1 2 3 4 4 4 4 4 5 8 7 6 9 18
symbol= BTBTSSSSXXVVETE
label = 010122223355616
true probabilities:
     B    T    S    X    P    V    E
1 [ 0.   0.5  0.   0.   0.5  0.   0. ]
2 [ 1.  0.  0.  0.  0.  0.  0.]
3 [ 0.   0.5  0.   0.   0.5  0.   0. ]
4 [ 0.   0.   0.5  0.5  0.   0.   0. ]
4 [ 0.   0.   0.5  0.5  0.   0.   0. ]
4 [ 0.   0.   0.5  0.5  0.   0.   0. ]
4 [ 0.   0.   0.5  0.5  0.   0.   0. ]
4 [ 0.   0.   0.5  0.5  0.   0.   0. ]
5 [ 0.   0.   0.5  0.5  0.   0.   0. ]
8 [ 0.   0.5  0.   0.   0.   0.5  0. ]
7 [ 0.   0.   0.   0.   0.5  0.5  0. ]
6 [ 0.  0.  0.  0.  0.  0.  1.]
9 [ 0.  1.  0.  0.  0.  0.  0.]
18 [ 0.  0.  0.  0.  0.  0.  1.]
hidden activations and output probabilities [BTSXPVE]:
1 [-0.55  0.33  0.76 -0.43 -0.73] [ 0.    0.53  0.    0.    0.46  0.01  0.  ]
2 [-0.39  0.85 -0.71 -0.83 -0.45] [ 1.  0.  0.  0.  0.  0.  0.]
3 [-0.91  0.85  0.75  0.73 -0.8 ] [ 0.    0.46  0.    0.    0.53  0.01  0.  ]
4 [-0.68  0.92 -0.73  0.89  0.63] [ 0.    0.04  0.44  0.46  0.    0.05  0.  ]
4 [-0.87  0.43 -0.95  0.94  0.73] [ 0.    0.    0.48  0.5   0.    0.01  0.  ]
4 [-0.84 -0.41 -0.99  0.88  0.73] [ 0.    0.    0.51  0.47  0.    0.01  0.02]
4 [-0.68 -0.31 -0.99  0.75  0.56] [ 0.    0.    0.49  0.47  0.    0.    0.03]
4 [-0.69 -0.37 -0.99  0.83  0.46] [ 0.    0.    0.46  0.46  0.    0.    0.08]
5 [-0.13 -0.14 -0.81  0.01  0.85] [ 0.    0.    0.56  0.42  0.    0.01  0.  ]
8 [-0.1   0.42  0.61  0.02  0.74] [ 0.    0.42  0.02  0.01  0.04  0.52  0.  ]
7 [-0.7  -0.7   0.76  0.98  0.37] [ 0.    0.04  0.01  0.    0.41  0.55  0.  ]
6 [-0.2  -0.84 -0.61  0.9  -0.32] [ 0.    0.    0.    0.    0.    0.    0.99]
9 [ 0.14 -0.    0.74  0.01 -0.79] [ 0.    0.54  0.    0.    0.43  0.02  0.01]
18 [ 0.25 -0.85 -0.66  0.94 -0.68] [ 0.  0.  0.  0.  0.  0.  1.]
epoch: 12000
error: 0.0009
final: 0.0569
-----
state =  0 1 2 3 8 7 6 9 18
symbol= BTBPVVETE
label = 010455616
true probabilities:
     B    T    S    X    P    V    E
1 [ 0.   0.5  0.   0.   0.5  0.   0. ]
2 [ 1.  0.  0.  0.  0.  0.  0.]
3 [ 0.   0.5  0.   0.   0.5  0.   0. ]
8 [ 0.   0.5  0.   0.   0.   0.5  0. ]
7 [ 0.   0.   0.   0.   0.5  0.5  0. ]
6 [ 0.  0.  0.  0.  0.  0.  1.]
9 [ 0.  1.  0.  0.  0.  0.  0.]
18 [ 0.  0.  0.  0.  0.  0.  1.]
hidden activations and output probabilities [BTSXPVE]:
1 [-0.56  0.29  0.76 -0.42 -0.73] [ 0.    0.49  0.    0.    0.5   0.01  0.  ]
2 [-0.3   0.8  -0.72 -0.83 -0.43] [ 1.  0.  0.  0.  0.  0.  0.]
3 [-0.88  0.83  0.75  0.72 -0.8 ] [ 0.    0.46  0.    0.    0.53  0.01  0.  ]
8 [-0.09  0.9   0.34  0.85  0.57] [ 0.    0.43  0.01  0.01  0.02  0.53  0.  ]
7 [-0.85 -0.72  0.81  0.96  0.45] [ 0.    0.03  0.    0.    0.4   0.56  0.  ]
6 [-0.44 -0.85 -0.62  0.89 -0.29] [ 0.    0.    0.    0.    0.    0.    0.99]
9 [ 0.05 -0.    0.74  0.01 -0.79] [ 0.    0.5   0.    0.    0.48  0.02  0.01]
18 [ 0.25 -0.88 -0.68  0.92 -0.64] [ 0.  0.  0.  0.  0.  0.  1.]
epoch: 13000
error: 0.0012
final: 0.0684
-----
state =  0 1 10 11 12 12 13 16 16 16 15 13 14 17 18
symbol= BPBTSXXTTVPSEPE
label = 040123311542646
true probabilities:
     B    T    S    X    P    V    E
1 [ 0.   0.5  0.   0.   0.5  0.   0. ]
10 [ 1.  0.  0.  0.  0.  0.  0.]
11 [ 0.   0.5  0.   0.   0.5  0.   0. ]
12 [ 0.   0.   0.5  0.5  0.   0.   0. ]
12 [ 0.   0.   0.5  0.5  0.   0.   0. ]
13 [ 0.   0.   0.5  0.5  0.   0.   0. ]
16 [ 0.   0.5  0.   0.   0.   0.5  0. ]
16 [ 0.   0.5  0.   0.   0.   0.5  0. ]
16 [ 0.   0.5  0.   0.   0.   0.5  0. ]
15 [ 0.   0.   0.   0.   0.5  0.5  0. ]
13 [ 0.   0.   0.5  0.5  0.   0.   0. ]
14 [ 0.  0.  0.  0.  0.  0.  1.]
17 [ 0.  0.  0.  0.  1.  0.  0.]
18 [ 0.  0.  0.  0.  0.  0.  1.]
hidden activations and output probabilities [BTSXPVE]:
1 [-0.55  0.28  0.76 -0.46 -0.73] [ 0.    0.53  0.    0.    0.46  0.    0.  ]
10 [-0.06  0.83 -0.27 -0.79 -0.49] [ 1.  0.  0.  0.  0.  0.  0.]
11 [-0.96  0.89  0.75  0.37 -0.81] [ 0.    0.55  0.    0.    0.45  0.    0.  ]
12 [-0.79  0.84 -0.73  0.73  0.62] [ 0.    0.02  0.45  0.5   0.    0.02  0.  ]
12 [-0.91  0.15 -0.95  0.91  0.72] [ 0.    0.    0.48  0.51  0.    0.01  0.  ]
13 [-0.2  -0.31 -0.87  0.01  0.89] [ 0.    0.    0.57  0.43  0.    0.    0.  ]
16 [-0.1   0.41  0.66  0.01  0.77] [ 0.    0.42  0.01  0.01  0.03  0.53  0.  ]
16 [-0.15  0.9   0.71  0.66  0.65] [ 0.    0.47  0.    0.    0.02  0.51  0.  ]
16 [-0.19  0.95  0.6   0.65  0.72] [ 0.    0.45  0.    0.    0.02  0.53  0.  ]
15 [-0.75 -0.72  0.88  0.97  0.33] [ 0.    0.03  0.    0.    0.48  0.49  0.  ]
13 [-0.   -0.23 -0.64  0.16  0.7 ] [ 0.    0.01  0.55  0.42  0.    0.02  0.  ]
14 [-0.39 -0.63 -0.78  0.91 -0.49] [ 0.    0.    0.    0.    0.    0.    0.99]
17 [ 0.14 -0.    0.74  0.01 -0.81] [ 0.    0.57  0.    0.    0.4   0.02  0.01]
18 [-0.01 -0.82 -0.3   0.83 -0.72] [ 0.  0.  0.  0.  0.  0.  1.]
epoch: 14000
error: 0.0007
final: 0.0976
-----
state =  0 1 10 11 12 13 16 16 16 15 13 16 16 15 13 14 17 18
symbol= BPBTXXTTVPXTVPSEPE
label = 040133115431542646
true probabilities:
     B    T    S    X    P    V    E
1 [ 0.   0.5  0.   0.   0.5  0.   0. ]
10 [ 1.  0.  0.  0.  0.  0.  0.]
11 [ 0.   0.5  0.   0.   0.5  0.   0. ]
12 [ 0.   0.   0.5  0.5  0.   0.   0. ]
13 [ 0.   0.   0.5  0.5  0.   0.   0. ]
16 [ 0.   0.5  0.   0.   0.   0.5  0. ]
16 [ 0.   0.5  0.   0.   0.   0.5  0. ]
16 [ 0.   0.5  0.   0.   0.   0.5  0. ]
15 [ 0.   0.   0.   0.   0.5  0.5  0. ]
13 [ 0.   0.   0.5  0.5  0.   0.   0. ]
16 [ 0.   0.5  0.   0.   0.   0.5  0. ]
16 [ 0.   0.5  0.   0.   0.   0.5  0. ]
15 [ 0.   0.   0.   0.   0.5  0.5  0. ]
13 [ 0.   0.   0.5  0.5  0.   0.   0. ]
14 [ 0.  0.  0.  0.  0.  0.  1.]
17 [ 0.  0.  0.  0.  1.  0.  0.]
18 [ 0.  0.  0.  0.  0.  0.  1.]
hidden activations and output probabilities [BTSXPVE]:
1 [-0.56  0.25  0.76 -0.45 -0.73] [ 0.    0.5   0.    0.    0.49  0.    0.  ]
10 [-0.07  0.81 -0.28 -0.78 -0.48] [ 1.  0.  0.  0.  0.  0.  0.]
11 [-0.96  0.88  0.75  0.36 -0.81] [ 0.    0.53  0.    0.    0.47  0.01  0.  ]
12 [-0.82  0.77 -0.74  0.76  0.62] [ 0.    0.02  0.46  0.5   0.    0.02  0.  ]
13 [-0.34 -0.43 -0.75  0.03  0.85] [ 0.    0.    0.59  0.4   0.    0.    0.  ]
16 [-0.11  0.37  0.63  0.01  0.79] [ 0.    0.37  0.02  0.01  0.03  0.58  0.  ]
16 [-0.17  0.89  0.71  0.64  0.67] [ 0.    0.42  0.    0.    0.02  0.55  0.  ]
16 [-0.21  0.94  0.59  0.65  0.73] [ 0.    0.41  0.    0.    0.01  0.57  0.  ]
15 [-0.78 -0.72  0.87  0.96  0.39] [ 0.    0.02  0.    0.    0.4   0.57  0.  ]
13 [-0.   -0.21 -0.65  0.15  0.73] [ 0.    0.    0.57  0.4   0.    0.02  0.  ]
16 [-0.08  0.46  0.63  0.02  0.73] [ 0.    0.45  0.01  0.01  0.03  0.5   0.  ]
16 [-0.13  0.9   0.7   0.66  0.63] [ 0.    0.45  0.    0.    0.02  0.53  0.  ]
15 [-0.7  -0.72  0.89  0.96  0.31] [ 0.    0.03  0.    0.    0.44  0.53  0.  ]
13 [-0.   -0.2  -0.65  0.17  0.69] [ 0.    0.01  0.57  0.41  0.    0.02  0.  ]
14 [-0.45 -0.62 -0.81  0.89 -0.5 ] [ 0.  0.  0.  0.  0.  0.  1.]
17 [ 0.19 -0.    0.74  0.01 -0.81] [ 0.    0.61  0.    0.    0.37  0.02  0.01]
18 [-0.01 -0.82 -0.27  0.81 -0.73] [ 0.  0.  0.  0.  0.  0.  1.]
epoch: 15000
error: 0.0015
final: 0.1108
-----
state =  0 1 2 3 4 5 8 7 6 9 18
symbol= BTBTXXVVETE
label = 01013355616
true probabilities:
     B    T    S    X    P    V    E
1 [ 0.   0.5  0.   0.   0.5  0.   0. ]
2 [ 1.  0.  0.  0.  0.  0.  0.]
3 [ 0.   0.5  0.   0.   0.5  0.   0. ]
4 [ 0.   0.   0.5  0.5  0.   0.   0. ]
5 [ 0.   0.   0.5  0.5  0.   0.   0. ]
8 [ 0.   0.5  0.   0.   0.   0.5  0. ]
7 [ 0.   0.   0.   0.   0.5  0.5  0. ]
6 [ 0.  0.  0.  0.  0.  0.  1.]
9 [ 0.  1.  0.  0.  0.  0.  0.]
18 [ 0.  0.  0.  0.  0.  0.  1.]
hidden activations and output probabilities [BTSXPVE]:
1 [-0.57  0.24  0.76 -0.45 -0.73] [ 0.    0.48  0.    0.    0.52  0.    0.  ]
2 [-0.05  0.72 -0.72 -0.84 -0.56] [ 1.  0.  0.  0.  0.  0.  0.]
3 [-0.77  0.74  0.75  0.67 -0.85] [ 0.    0.46  0.    0.    0.53  0.01  0.  ]
4 [-0.37  0.45 -0.74  0.83  0.63] [ 0.    0.01  0.44  0.52  0.    0.03  0.  ]
5 [-0.21 -0.24 -0.46  0.02  0.86] [ 0.    0.01  0.58  0.38  0.    0.03  0.  ]
8 [-0.09  0.56  0.62  0.02  0.77] [ 0.    0.47  0.01  0.01  0.02  0.49  0.  ]
7 [-0.74 -0.71  0.81  0.97  0.39] [ 0.    0.02  0.    0.    0.36  0.61  0.  ]
6 [-0.59 -0.84 -0.66  0.88 -0.39] [ 0.  0.  0.  0.  0.  0.  1.]
9 [ 0.23 -0.    0.74  0.01 -0.81] [ 0.    0.66  0.    0.    0.31  0.02  0.01]
18 [ 0.37 -0.91 -0.63  0.92 -0.72] [ 0.  0.  0.  0.  0.  0.  1.]
epoch: 16000
error: 0.0017
final: 0.0304
-----
state =  0 1 10 11 12 12 13 14 17 18
symbol= BPBTSXSEPE
label = 0401232646
true probabilities:
     B    T    S    X    P    V    E
1 [ 0.   0.5  0.   0.   0.5  0.   0. ]
10 [ 1.  0.  0.  0.  0.  0.  0.]
11 [ 0.   0.5  0.   0.   0.5  0.   0. ]
12 [ 0.   0.   0.5  0.5  0.   0.   0. ]
12 [ 0.   0.   0.5  0.5  0.   0.   0. ]
13 [ 0.   0.   0.5  0.5  0.   0.   0. ]
14 [ 0.  0.  0.  0.  0.  0.  1.]
17 [ 0.  0.  0.  0.  1.  0.  0.]
18 [ 0.  0.  0.  0.  0.  0.  1.]
hidden activations and output probabilities [BTSXPVE]:
1 [-0.57  0.26  0.75 -0.45 -0.73] [ 0.    0.5   0.    0.    0.49  0.    0.  ]
10 [-0.07  0.81 -0.18 -0.78 -0.53] [ 1.  0.  0.  0.  0.  0.  0.]
11 [-0.96  0.89  0.75  0.16 -0.83] [ 0.    0.54  0.    0.    0.46  0.    0.  ]
12 [-0.85  0.76 -0.74  0.6   0.55] [ 0.    0.01  0.43  0.54  0.    0.01  0.  ]
12 [-0.96  0.   -0.96  0.89  0.72] [ 0.    0.    0.46  0.54  0.    0.    0.  ]
13 [-0.36 -0.3  -0.92  0.01  0.9 ] [ 0.    0.    0.58  0.42  0.    0.    0.  ]
14 [-0.88 -0.61 -0.9   0.9  -0.35] [ 0.    0.    0.01  0.01  0.    0.    0.98]
17 [-0.88 -0.    0.73  0.01 -0.76] [ 0.    0.13  0.    0.    0.86  0.    0.  ]
18 [-0.08 -0.91 -0.34  0.85 -0.13] [ 0.    0.    0.    0.    0.    0.    0.99]
epoch: 17000
error: 0.0009
final: 0.0054
-----
state =  0 1 10 11 16 16 15 13 16 15 14 17 18
symbol= BPBPTVPXVVEPE
label = 0404154355646
true probabilities:
     B    T    S    X    P    V    E
1 [ 0.   0.5  0.   0.   0.5  0.   0. ]
10 [ 1.  0.  0.  0.  0.  0.  0.]
11 [ 0.   0.5  0.   0.   0.5  0.   0. ]
16 [ 0.   0.5  0.   0.   0.   0.5  0. ]
16 [ 0.   0.5  0.   0.   0.   0.5  0. ]
15 [ 0.   0.   0.   0.   0.5  0.5  0. ]
13 [ 0.   0.   0.5  0.5  0.   0.   0. ]
16 [ 0.   0.5  0.   0.   0.   0.5  0. ]
15 [ 0.   0.   0.   0.   0.5  0.5  0. ]
14 [ 0.  0.  0.  0.  0.  0.  1.]
17 [ 0.  0.  0.  0.  1.  0.  0.]
18 [ 0.  0.  0.  0.  0.  0.  1.]
hidden activations and output probabilities [BTSXPVE]:
1 [-0.57  0.25  0.75 -0.44 -0.74] [ 0.    0.46  0.    0.    0.53  0.    0.  ]
10 [-0.06  0.81 -0.17 -0.78 -0.51] [ 1.  0.  0.  0.  0.  0.  0.]
11 [-0.96  0.89  0.75  0.17 -0.83] [ 0.    0.5   0.    0.    0.49  0.    0.  ]
16 [-0.14  0.9   0.53  0.71  0.54] [ 0.    0.55  0.    0.    0.02  0.43  0.  ]
16 [-0.34  0.92  0.63  0.55  0.73] [ 0.    0.44  0.    0.    0.02  0.53  0.  ]
15 [-0.87 -0.66  0.88  0.95  0.39] [ 0.    0.02  0.    0.    0.46  0.52  0.  ]
13 [-0.01 -0.25 -0.63  0.14  0.74] [ 0.    0.    0.56  0.42  0.    0.01  0.  ]
16 [-0.12  0.52  0.59  0.01  0.75] [ 0.    0.5   0.01  0.01  0.02  0.46  0.  ]
15 [-0.82 -0.7   0.81  0.95  0.32] [ 0.    0.02  0.    0.    0.51  0.46  0.  ]
14 [-0.83 -0.84 -0.7   0.89 -0.45] [ 0.  0.  0.  0.  0.  0.  1.]
17 [-0.45 -0.    0.72  0.01 -0.83] [ 0.    0.29  0.    0.    0.7   0.01  0.  ]
18 [-0.04 -0.9  -0.27  0.86 -0.48] [ 0.  0.  0.  0.  0.  0.  1.]
epoch: 18000
error: 0.0006
final: 0.0254
-----
state =  0 1 2 3 4 5 8 8 7 5 6 9 18
symbol= BTBTXXTVPSETE
label = 0101331542616
true probabilities:
     B    T    S    X    P    V    E
1 [ 0.   0.5  0.   0.   0.5  0.   0. ]
2 [ 1.  0.  0.  0.  0.  0.  0.]
3 [ 0.   0.5  0.   0.   0.5  0.   0. ]
4 [ 0.   0.   0.5  0.5  0.   0.   0. ]
5 [ 0.   0.   0.5  0.5  0.   0.   0. ]
8 [ 0.   0.5  0.   0.   0.   0.5  0. ]
8 [ 0.   0.5  0.   0.   0.   0.5  0. ]
7 [ 0.   0.   0.   0.   0.5  0.5  0. ]
5 [ 0.   0.   0.5  0.5  0.   0.   0. ]
6 [ 0.  0.  0.  0.  0.  0.  1.]
9 [ 0.  1.  0.  0.  0.  0.  0.]
18 [ 0.  0.  0.  0.  0.  0.  1.]
hidden activations and output probabilities [BTSXPVE]:
1 [-0.57  0.26  0.75 -0.42 -0.74] [ 0.    0.47  0.    0.    0.53  0.    0.  ]
2 [ 0.06  0.72 -0.72 -0.81 -0.69] [ 1.  0.  0.  0.  0.  0.  0.]
3 [-0.71  0.74  0.74  0.67 -0.89] [ 0.    0.48  0.    0.    0.51  0.01  0.  ]
4 [-0.11  0.35 -0.74  0.84  0.55] [ 0.    0.01  0.43  0.53  0.    0.03  0.  ]
5 [-0.12 -0.21 -0.58  0.01  0.85] [ 0.    0.    0.58  0.41  0.    0.01  0.  ]
8 [-0.08  0.6   0.6   0.01  0.8 ] [ 0.    0.5   0.01  0.01  0.01  0.47  0.  ]
8 [-0.17  0.92  0.74  0.66  0.67] [ 0.    0.46  0.    0.    0.01  0.53  0.  ]
7 [-0.76 -0.66  0.91  0.97  0.37] [ 0.    0.02  0.    0.    0.42  0.56  0.  ]
5 [-0.01 -0.22 -0.62  0.14  0.74] [ 0.    0.    0.56  0.42  0.    0.01  0.  ]
6 [-0.52 -0.64 -0.81  0.92 -0.48] [ 0.  0.  0.  0.  0.  0.  1.]
9 [ 0.36 -0.    0.74  0.01 -0.84] [ 0.    0.83  0.    0.    0.15  0.01  0.01]
18 [ 0.4  -0.89 -0.53  0.89 -0.8 ] [ 0.  0.  0.  0.  0.  0.  1.]
epoch: 19000
error: 0.0009
final: 0.0074
-----
state =  0 1 10 11 16 15 13 16 16 15 14 17 18
symbol= BPBPVPXTVVEPE
label = 0404543155646
true probabilities:
     B    T    S    X    P    V    E
1 [ 0.   0.5  0.   0.   0.5  0.   0. ]
10 [ 1.  0.  0.  0.  0.  0.  0.]
11 [ 0.   0.5  0.   0.   0.5  0.   0. ]
16 [ 0.   0.5  0.   0.   0.   0.5  0. ]
15 [ 0.   0.   0.   0.   0.5  0.5  0. ]
13 [ 0.   0.   0.5  0.5  0.   0.   0. ]
16 [ 0.   0.5  0.   0.   0.   0.5  0. ]
16 [ 0.   0.5  0.   0.   0.   0.5  0. ]
15 [ 0.   0.   0.   0.   0.5  0.5  0. ]
14 [ 0.  0.  0.  0.  0.  0.  1.]
17 [ 0.  0.  0.  0.  1.  0.  0.]
18 [ 0.  0.  0.  0.  0.  0.  1.]
hidden activations and output probabilities [BTSXPVE]:
1 [-0.57  0.27  0.75 -0.4  -0.74] [ 0.    0.47  0.    0.    0.53  0.    0.  ]
10 [-0.06  0.81 -0.13 -0.74 -0.42] [ 1.  0.  0.  0.  0.  0.  0.]
11 [-0.95  0.9   0.75  0.22 -0.8 ] [ 0.    0.47  0.    0.    0.53  0.    0.  ]
16 [-0.13  0.88  0.56  0.74  0.58] [ 0.    0.48  0.    0.    0.01  0.5   0.  ]
15 [-0.89 -0.67  0.87  0.94  0.44] [ 0.    0.01  0.    0.    0.47  0.52  0.  ]
13 [-0.01 -0.24 -0.65  0.11  0.77] [ 0.    0.    0.59  0.39  0.    0.01  0.  ]
16 [-0.11  0.57  0.61  0.01  0.79] [ 0.    0.49  0.01  0.01  0.01  0.48  0.  ]
16 [-0.26  0.92  0.74  0.58  0.64] [ 0.    0.5   0.    0.    0.01  0.49  0.  ]
15 [-0.88 -0.63  0.91  0.95  0.36] [ 0.    0.01  0.    0.    0.53  0.46  0.  ]
14 [-0.86 -0.86 -0.69  0.89 -0.43] [ 0.  0.  0.  0.  0.  0.  1.]
17 [-0.66 -0.    0.73  0.01 -0.84] [ 0.    0.16  0.    0.    0.83  0.    0.  ]
18 [-0.05 -0.91 -0.28  0.86 -0.35] [ 0.  0.  0.  0.  0.  0.  1.]
epoch: 20000
error: 0.0006
final: 0.0078
-----
state =  0 1 2 3 4 4 5 8 7 5 8 7 5 8 7 5 8 7 6 9 18
symbol= BTBTSXXVPXVPXVPXVVETE
label = 010123354354354355616
true probabilities:
     B    T    S    X    P    V    E
1 [ 0.   0.5  0.   0.   0.5  0.   0. ]
2 [ 1.  0.  0.  0.  0.  0.  0.]
3 [ 0.   0.5  0.   0.   0.5  0.   0. ]
4 [ 0.   0.   0.5  0.5  0.   0.   0. ]
4 [ 0.   0.   0.5  0.5  0.   0.   0. ]
5 [ 0.   0.   0.5  0.5  0.   0.   0. ]
8 [ 0.   0.5  0.   0.   0.   0.5  0. ]
7 [ 0.   0.   0.   0.   0.5  0.5  0. ]
5 [ 0.   0.   0.5  0.5  0.   0.   0. ]
8 [ 0.   0.5  0.   0.   0.   0.5  0. ]
7 [ 0.   0.   0.   0.   0.5  0.5  0. ]
5 [ 0.   0.   0.5  0.5  0.   0.   0. ]
8 [ 0.   0.5  0.   0.   0.   0.5  0. ]
7 [ 0.   0.   0.   0.   0.5  0.5  0. ]
5 [ 0.   0.   0.5  0.5  0.   0.   0. ]
8 [ 0.   0.5  0.   0.   0.   0.5  0. ]
7 [ 0.   0.   0.   0.   0.5  0.5  0. ]
6 [ 0.  0.  0.  0.  0.  0.  1.]
9 [ 0.  1.  0.  0.  0.  0.  0.]
18 [ 0.  0.  0.  0.  0.  0.  1.]
hidden activations and output probabilities [BTSXPVE]:
1 [-0.57  0.28  0.75 -0.39 -0.74] [ 0.    0.45  0.    0.    0.54  0.    0.  ]
2 [ 0.07  0.72 -0.72 -0.79 -0.73] [ 1.  0.  0.  0.  0.  0.  0.]
3 [-0.71  0.7   0.74  0.68 -0.9 ] [ 0.    0.42  0.    0.    0.57  0.01  0.  ]
4 [-0.04  0.3  -0.75  0.85  0.5 ] [ 0.    0.01  0.41  0.55  0.    0.02  0.  ]
4 [-0.23 -0.39 -0.95  0.93  0.64] [ 0.    0.    0.46  0.52  0.    0.    0.02]
5 [-0.04 -0.14 -0.51  0.    0.89] [ 0.    0.    0.58  0.39  0.    0.02  0.  ]
8 [-0.04  0.65  0.64  0.02  0.81] [ 0.    0.54  0.01  0.    0.01  0.44  0.  ]
7 [-0.68 -0.68  0.86  0.98  0.43] [ 0.    0.01  0.    0.    0.34  0.64  0.  ]
5 [-0.   -0.16 -0.65  0.12  0.78] [ 0.    0.    0.56  0.42  0.    0.01  0.  ]
8 [-0.06  0.59  0.59  0.01  0.81] [ 0.    0.51  0.01  0.01  0.01  0.46  0.  ]
7 [-0.72 -0.68  0.84  0.98  0.36] [ 0.    0.01  0.    0.    0.43  0.55  0.  ]
5 [-0.   -0.21 -0.65  0.12  0.77] [ 0.    0.    0.56  0.42  0.    0.01  0.  ]
8 [-0.07  0.57  0.59  0.01  0.8 ] [ 0.    0.51  0.01  0.01  0.01  0.46  0.  ]
7 [-0.73 -0.68  0.83  0.98  0.35] [ 0.    0.01  0.    0.    0.45  0.53  0.  ]
5 [-0.   -0.21 -0.65  0.13  0.76] [ 0.    0.    0.56  0.42  0.    0.01  0.  ]
8 [-0.07  0.57  0.59  0.01  0.8 ] [ 0.    0.51  0.01  0.01  0.01  0.47  0.  ]
7 [-0.74 -0.68  0.83  0.98  0.35] [ 0.    0.01  0.    0.    0.45  0.53  0.  ]
6 [-0.36 -0.84 -0.68  0.9  -0.4 ] [ 0.  0.  0.  0.  0.  0.  1.]
9 [ 0.56 -0.    0.75  0.01 -0.84] [ 0.    0.92  0.    0.    0.07  0.01  0.  ]
18 [ 0.37 -0.91 -0.35  0.94 -0.8 ] [ 0.  0.  0.  0.  0.  0.  1.]
epoch: 21000
error: 0.0014
final: 0.0015
-----
state =  0 1 2 3 4 4 4 5 6 9 18
symbol= BTBTSSXSETE
label = 01012232616
true probabilities:
     B    T    S    X    P    V    E
1 [ 0.   0.5  0.   0.   0.5  0.   0. ]
2 [ 1.  0.  0.  0.  0.  0.  0.]
3 [ 0.   0.5  0.   0.   0.5  0.   0. ]
4 [ 0.   0.   0.5  0.5  0.   0.   0. ]
4 [ 0.   0.   0.5  0.5  0.   0.   0. ]
4 [ 0.   0.   0.5  0.5  0.   0.   0. ]
5 [ 0.   0.   0.5  0.5  0.   0.   0. ]
6 [ 0.  0.  0.  0.  0.  0.  1.]
9 [ 0.  1.  0.  0.  0.  0.  0.]
18 [ 0.  0.  0.  0.  0.  0.  1.]
hidden activations and output probabilities [BTSXPVE]:
1 [-0.56  0.28  0.75 -0.4  -0.73] [ 0.    0.48  0.    0.    0.52  0.    0.  ]
2 [ 0.08  0.72 -0.71 -0.79 -0.72] [ 1.  0.  0.  0.  0.  0.  0.]
3 [-0.7   0.74  0.74  0.67 -0.89] [ 0.    0.49  0.    0.    0.51  0.01  0.  ]
4 [-0.05  0.34 -0.75  0.85  0.52] [ 0.    0.01  0.42  0.54  0.    0.02  0.  ]
4 [-0.28 -0.38 -0.95  0.93  0.65] [ 0.    0.    0.47  0.51  0.    0.    0.01]
4 [-0.11 -0.17 -0.98  0.84  0.48] [ 0.    0.    0.45  0.53  0.    0.    0.01]
5 [-0.05 -0.23 -0.78  0.01  0.86] [ 0.    0.    0.59  0.4   0.    0.    0.  ]
6 [-0.38 -0.67 -0.75  0.94 -0.48] [ 0.  0.  0.  0.  0.  0.  1.]
9 [ 0.51 -0.    0.74  0.01 -0.86] [ 0.    0.92  0.    0.    0.07  0.01  0.  ]
18 [ 0.38 -0.91 -0.4   0.94 -0.82] [ 0.  0.  0.  0.  0.  0.  1.]
epoch: 22000
error: 0.0009
final: 0.0015
-----
state =  0 1 2 3 8 8 8 7 6 9 18
symbol= BTBPTTVVETE
label = 01041155616
true probabilities:
     B    T    S    X    P    V    E
1 [ 0.   0.5  0.   0.   0.5  0.   0. ]
2 [ 1.  0.  0.  0.  0.  0.  0.]
3 [ 0.   0.5  0.   0.   0.5  0.   0. ]
8 [ 0.   0.5  0.   0.   0.   0.5  0. ]
8 [ 0.   0.5  0.   0.   0.   0.5  0. ]
8 [ 0.   0.5  0.   0.   0.   0.5  0. ]
7 [ 0.   0.   0.   0.   0.5  0.5  0. ]
6 [ 0.  0.  0.  0.  0.  0.  1.]
9 [ 0.  1.  0.  0.  0.  0.  0.]
18 [ 0.  0.  0.  0.  0.  0.  1.]
hidden activations and output probabilities [BTSXPVE]:
1 [-0.54  0.3   0.75 -0.42 -0.73] [ 0.    0.52  0.    0.    0.47  0.    0.  ]
2 [ 0.07  0.73 -0.71 -0.8  -0.75] [ 1.  0.  0.  0.  0.  0.  0.]
3 [-0.7   0.73  0.74  0.67 -0.91] [ 0.    0.48  0.    0.    0.51  0.01  0.  ]
8 [-0.07  0.58  0.59  0.82  0.51] [ 0.    0.39  0.    0.    0.02  0.59  0.  ]
8 [-0.17  0.67  0.6   0.45  0.74] [ 0.    0.39  0.01  0.    0.01  0.59  0.  ]
8 [-0.13  0.88  0.72  0.48  0.73] [ 0.    0.51  0.    0.    0.01  0.48  0.  ]
7 [-0.71 -0.7   0.92  0.95  0.31] [ 0.    0.01  0.    0.    0.51  0.48  0.  ]
6 [-0.21 -0.84 -0.68  0.88 -0.49] [ 0.  0.  0.  0.  0.  0.  1.]
9 [ 0.65 -0.    0.75  0.01 -0.86] [ 0.    0.96  0.    0.    0.03  0.01  0.  ]
18 [ 0.34 -0.89 -0.21  0.87 -0.8 ] [ 0.  0.  0.  0.  0.  0.  1.]
epoch: 23000
error: 0.0012
final: 0.0004
-----
state =  0 1 2 3 4 5 6 9 18
symbol= BTBTXSETE
label = 010132616
true probabilities:
     B    T    S    X    P    V    E
1 [ 0.   0.5  0.   0.   0.5  0.   0. ]
2 [ 1.  0.  0.  0.  0.  0.  0.]
3 [ 0.   0.5  0.   0.   0.5  0.   0. ]
4 [ 0.   0.   0.5  0.5  0.   0.   0. ]
5 [ 0.   0.   0.5  0.5  0.   0.   0. ]
6 [ 0.  0.  0.  0.  0.  0.  1.]
9 [ 0.  1.  0.  0.  0.  0.  0.]
18 [ 0.  0.  0.  0.  0.  0.  1.]
hidden activations and output probabilities [BTSXPVE]:
1 [-0.55  0.3   0.75 -0.4  -0.73] [ 0.    0.49  0.    0.    0.51  0.    0.  ]
2 [ 0.05  0.72 -0.71 -0.78 -0.72] [ 1.  0.  0.  0.  0.  0.  0.]
3 [-0.71  0.73  0.74  0.67 -0.9 ] [ 0.    0.47  0.    0.    0.53  0.01  0.  ]
4 [-0.06  0.31 -0.75  0.85  0.51] [ 0.    0.01  0.44  0.53  0.    0.02  0.  ]
5 [-0.06 -0.3  -0.69  0.01  0.85] [ 0.    0.    0.59  0.4   0.    0.01  0.  ]
6 [-0.43 -0.63 -0.7   0.93 -0.54] [ 0.  0.  0.  0.  0.  0.  1.]
9 [ 0.46 -0.01  0.74  0.02 -0.88] [ 0.    0.92  0.    0.    0.07  0.01  0.  ]
18 [ 0.39 -0.88 -0.47  0.91 -0.84] [ 0.  0.  0.  0.  0.  0.  1.]
epoch: 24000
error: 0.0012
final: 0.0016
-----
state =  0 1 10 11 16 16 15 13 14 17 18
symbol= BPBPTVPSEPE
label = 04041542646
true probabilities:
     B    T    S    X    P    V    E
1 [ 0.   0.5  0.   0.   0.5  0.   0. ]
10 [ 1.  0.  0.  0.  0.  0.  0.]
11 [ 0.   0.5  0.   0.   0.5  0.   0. ]
16 [ 0.   0.5  0.   0.   0.   0.5  0. ]
16 [ 0.   0.5  0.   0.   0.   0.5  0. ]
15 [ 0.   0.   0.   0.   0.5  0.5  0. ]
13 [ 0.   0.   0.5  0.5  0.   0.   0. ]
14 [ 0.  0.  0.  0.  0.  0.  1.]
17 [ 0.  0.  0.  0.  1.  0.  0.]
18 [ 0.  0.  0.  0.  0.  0.  1.]
hidden activations and output probabilities [BTSXPVE]:
1 [-0.55  0.3   0.75 -0.4  -0.73] [ 0.   0.5  0.   0.   0.5  0.   0. ]
10 [-0.05  0.84 -0.18 -0.74 -0.29] [ 1.  0.  0.  0.  0.  0.  0.]
11 [-0.93  0.93  0.75  0.3  -0.76] [ 0.    0.49  0.    0.    0.51  0.    0.  ]
16 [-0.1   0.92  0.56  0.77  0.62] [ 0.    0.51  0.    0.    0.01  0.48  0.  ]
16 [-0.28  0.93  0.69  0.55  0.75] [ 0.    0.45  0.    0.    0.01  0.54  0.  ]
15 [-0.88 -0.69  0.92  0.97  0.45] [ 0.    0.01  0.    0.    0.49  0.5   0.  ]
13 [-0.01 -0.27 -0.66  0.11  0.79] [ 0.    0.    0.56  0.43  0.    0.01  0.  ]
14 [-0.79 -0.59 -0.76  0.93 -0.52] [ 0.  0.  0.  0.  0.  0.  1.]
17 [-0.9  -0.01  0.71  0.02 -0.89] [ 0.    0.05  0.    0.    0.95  0.    0.  ]
18 [-0.08 -0.88 -0.37  0.87 -0.28] [ 0.  0.  0.  0.  0.  0.  1.]
epoch: 25000
error: 0.0004
final: 0.0008
-----
state =  0 1 2 3 8 7 6 9 18
symbol= BTBPVVETE
label = 010455616
true probabilities:
     B    T    S    X    P    V    E
1 [ 0.   0.5  0.   0.   0.5  0.   0. ]
2 [ 1.  0.  0.  0.  0.  0.  0.]
3 [ 0.   0.5  0.   0.   0.5  0.   0. ]
8 [ 0.   0.5  0.   0.   0.   0.5  0. ]
7 [ 0.   0.   0.   0.   0.5  0.5  0. ]
6 [ 0.  0.  0.  0.  0.  0.  1.]
9 [ 0.  1.  0.  0.  0.  0.  0.]
18 [ 0.  0.  0.  0.  0.  0.  1.]
hidden activations and output probabilities [BTSXPVE]:
1 [-0.54  0.29  0.75 -0.41 -0.73] [ 0.    0.49  0.    0.    0.51  0.    0.  ]
2 [ 0.12  0.73 -0.7  -0.79 -0.76] [ 1.  0.  0.  0.  0.  0.  0.]
3 [-0.66  0.74  0.74  0.64 -0.91] [ 0.    0.52  0.    0.    0.47  0.01  0.  ]
8 [-0.07  0.63  0.59  0.82  0.48] [ 0.    0.44  0.    0.    0.01  0.54  0.  ]
7 [-0.74 -0.72  0.85  0.96  0.44] [ 0.    0.01  0.    0.    0.4   0.59  0.  ]
6 [-0.2  -0.82 -0.63  0.88 -0.4 ] [ 0.  0.  0.  0.  0.  0.  1.]
9 [ 0.65 -0.01  0.75  0.02 -0.85] [ 0.    0.97  0.    0.    0.03  0.    0.  ]
18 [ 0.34 -0.88 -0.18  0.91 -0.8 ] [ 0.  0.  0.  0.  0.  0.  1.]
epoch: 26000
error: 0.0012
final: 0.0002
-----
state =  0 1 10 11 16 16 16 16 16 15 14 17 18
symbol= BPBPTTTTVVEPE
label = 0404111155646
true probabilities:
     B    T    S    X    P    V    E
1 [ 0.   0.5  0.   0.   0.5  0.   0. ]
10 [ 1.  0.  0.  0.  0.  0.  0.]
11 [ 0.   0.5  0.   0.   0.5  0.   0. ]
16 [ 0.   0.5  0.   0.   0.   0.5  0. ]
16 [ 0.   0.5  0.   0.   0.   0.5  0. ]
16 [ 0.   0.5  0.   0.   0.   0.5  0. ]
16 [ 0.   0.5  0.   0.   0.   0.5  0. ]
16 [ 0.   0.5  0.   0.   0.   0.5  0. ]
15 [ 0.   0.   0.   0.   0.5  0.5  0. ]
14 [ 0.  0.  0.  0.  0.  0.  1.]
17 [ 0.  0.  0.  0.  1.  0.  0.]
18 [ 0.  0.  0.  0.  0.  0.  1.]
hidden activations and output probabilities [BTSXPVE]:
1 [-0.54  0.3   0.75 -0.39 -0.73] [ 0.    0.5   0.    0.    0.49  0.    0.  ]
10 [-0.05  0.84 -0.2  -0.73 -0.22] [ 1.  0.  0.  0.  0.  0.  0.]
11 [-0.93  0.93  0.75  0.36 -0.74] [ 0.    0.51  0.    0.    0.49  0.    0.  ]
16 [-0.09  0.93  0.57  0.78  0.63] [ 0.    0.49  0.    0.    0.    0.5   0.  ]
16 [-0.25  0.94  0.69  0.54  0.76] [ 0.    0.45  0.    0.    0.01  0.54  0.  ]
16 [-0.24  0.97  0.72  0.6   0.75] [ 0.    0.45  0.    0.    0.    0.55  0.  ]
16 [-0.23  0.99  0.71  0.61  0.76] [ 0.    0.45  0.    0.    0.    0.54  0.  ]
16 [-0.23  0.99  0.72  0.62  0.76] [ 0.    0.45  0.    0.    0.    0.54  0.  ]
15 [-0.87 -0.65  0.93  0.98  0.5 ] [ 0.    0.01  0.    0.    0.39  0.61  0.  ]
14 [-0.86 -0.84 -0.65  0.89 -0.31] [ 0.  0.  0.  0.  0.  0.  1.]
17 [-0.93 -0.01  0.73  0.01 -0.85] [ 0.    0.04  0.    0.    0.95  0.    0.  ]
18 [-0.08 -0.92 -0.4   0.87 -0.15] [ 0.  0.  0.  0.  0.  0.  1.]
epoch: 27000
error: 0.0009
final: 0.0006
-----
state =  0 1 10 11 12 12 13 16 16 15 14 17 18
symbol= BPBTSXXTVVEPE
label = 0401233155646
true probabilities:
     B    T    S    X    P    V    E
1 [ 0.   0.5  0.   0.   0.5  0.   0. ]
10 [ 1.  0.  0.  0.  0.  0.  0.]
11 [ 0.   0.5  0.   0.   0.5  0.   0. ]
12 [ 0.   0.   0.5  0.5  0.   0.   0. ]
12 [ 0.   0.   0.5  0.5  0.   0.   0. ]
13 [ 0.   0.   0.5  0.5  0.   0.   0. ]
16 [ 0.   0.5  0.   0.   0.   0.5  0. ]
16 [ 0.   0.5  0.   0.   0.   0.5  0. ]
15 [ 0.   0.   0.   0.   0.5  0.5  0. ]
14 [ 0.  0.  0.  0.  0.  0.  1.]
17 [ 0.  0.  0.  0.  1.  0.  0.]
18 [ 0.  0.  0.  0.  0.  0.  1.]
hidden activations and output probabilities [BTSXPVE]:
1 [-0.54  0.29  0.75 -0.39 -0.73] [ 0.    0.48  0.    0.    0.52  0.    0.  ]
10 [-0.05  0.84 -0.21 -0.75 -0.27] [ 1.  0.  0.  0.  0.  0.  0.]
11 [-0.93  0.93  0.75  0.35 -0.76] [ 0.    0.48  0.    0.    0.52  0.    0.  ]
12 [-0.77  0.78 -0.74  0.8   0.58] [ 0.    0.    0.4   0.58  0.    0.01  0.  ]
12 [-0.92  0.04 -0.96  0.94  0.74] [ 0.    0.    0.42  0.58  0.    0.    0.  ]
13 [-0.17 -0.47 -0.96  0.    0.92] [ 0.    0.    0.59  0.41  0.    0.    0.  ]
16 [-0.08  0.53  0.64  0.01  0.9 ] [ 0.    0.38  0.01  0.    0.01  0.6   0.  ]
16 [-0.18  0.92  0.75  0.58  0.74] [ 0.    0.44  0.    0.    0.    0.55  0.  ]
15 [-0.86 -0.71  0.94  0.98  0.42] [ 0.    0.01  0.    0.    0.5   0.5   0.  ]
14 [-0.87 -0.84 -0.67  0.89 -0.44] [ 0.  0.  0.  0.  0.  0.  1.]
17 [-0.94 -0.01  0.7   0.02 -0.88] [ 0.    0.04  0.    0.    0.96  0.    0.  ]
18 [-0.08 -0.92 -0.41  0.88 -0.26] [ 0.  0.  0.  0.  0.  0.  1.]
epoch: 28000
error: 0.0015
final: 0.0004
-----
state =  0 1 10 11 12 13 16 15 14 17 18
symbol= BPBTXXVVEPE
label = 04013355646
true probabilities:
     B    T    S    X    P    V    E
1 [ 0.   0.5  0.   0.   0.5  0.   0. ]
10 [ 1.  0.  0.  0.  0.  0.  0.]
11 [ 0.   0.5  0.   0.   0.5  0.   0. ]
12 [ 0.   0.   0.5  0.5  0.   0.   0. ]
13 [ 0.   0.   0.5  0.5  0.   0.   0. ]
16 [ 0.   0.5  0.   0.   0.   0.5  0. ]
15 [ 0.   0.   0.   0.   0.5  0.5  0. ]
14 [ 0.  0.  0.  0.  0.  0.  1.]
17 [ 0.  0.  0.  0.  1.  0.  0.]
18 [ 0.  0.  0.  0.  0.  0.  1.]
hidden activations and output probabilities [BTSXPVE]:
1 [-0.54  0.28  0.75 -0.39 -0.73] [ 0.    0.48  0.    0.    0.51  0.    0.  ]
10 [-0.06  0.83 -0.27 -0.75 -0.27] [ 1.  0.  0.  0.  0.  0.  0.]
11 [-0.93  0.92  0.75  0.48 -0.76] [ 0.    0.45  0.    0.    0.54  0.01  0.  ]
12 [-0.76  0.68 -0.74  0.84  0.61] [ 0.    0.    0.46  0.53  0.    0.01  0.  ]
13 [-0.17 -0.49 -0.92  0.02  0.87] [ 0.   0.   0.6  0.4  0.   0.   0. ]
16 [-0.07  0.55  0.63  0.01  0.89] [ 0.    0.39  0.01  0.    0.01  0.6   0.  ]
15 [-0.84 -0.7   0.86  0.97  0.44] [ 0.    0.01  0.    0.    0.45  0.54  0.  ]
14 [-0.87 -0.82 -0.65  0.88 -0.39] [ 0.  0.  0.  0.  0.  0.  1.]
17 [-0.87 -0.02  0.7   0.02 -0.87] [ 0.    0.05  0.    0.    0.95  0.    0.  ]
18 [-0.07 -0.92 -0.45  0.87 -0.24] [ 0.  0.  0.  0.  0.  0.  1.]
epoch: 29000
error: 0.0015
final: 0.0007
-----
state =  0 1 10 11 16 15 13 16 16 16 16 16 16 16 15 14 17 18
symbol= BPBPVPXTTTTTTVVEPE
label = 040454311111155646
true probabilities:
     B    T    S    X    P    V    E
1 [ 0.   0.5  0.   0.   0.5  0.   0. ]
10 [ 1.  0.  0.  0.  0.  0.  0.]
11 [ 0.   0.5  0.   0.   0.5  0.   0. ]
16 [ 0.   0.5  0.   0.   0.   0.5  0. ]
15 [ 0.   0.   0.   0.   0.5  0.5  0. ]
13 [ 0.   0.   0.5  0.5  0.   0.   0. ]
16 [ 0.   0.5  0.   0.   0.   0.5  0. ]
16 [ 0.   0.5  0.   0.   0.   0.5  0. ]
16 [ 0.   0.5  0.   0.   0.   0.5  0. ]
16 [ 0.   0.5  0.   0.   0.   0.5  0. ]
16 [ 0.   0.5  0.   0.   0.   0.5  0. ]
16 [ 0.   0.5  0.   0.   0.   0.5  0. ]
16 [ 0.   0.5  0.   0.   0.   0.5  0. ]
15 [ 0.   0.   0.   0.   0.5  0.5  0. ]
14 [ 0.  0.  0.  0.  0.  0.  1.]
17 [ 0.  0.  0.  0.  1.  0.  0.]
18 [ 0.  0.  0.  0.  0.  0.  1.]
hidden activations and output probabilities [BTSXPVE]:
1 [-0.54  0.28  0.75 -0.38 -0.73] [ 0.    0.48  0.    0.    0.52  0.    0.  ]
10 [-0.05  0.83 -0.27 -0.74 -0.23] [ 1.  0.  0.  0.  0.  0.  0.]
11 [-0.93  0.91  0.75  0.46 -0.75] [ 0.    0.46  0.    0.    0.53  0.01  0.  ]
16 [-0.09  0.88  0.58  0.81  0.64] [ 0.    0.43  0.    0.    0.    0.56  0.  ]
15 [-0.88 -0.72  0.89  0.96  0.52] [ 0.    0.    0.    0.    0.41  0.59  0.  ]
13 [-0.01 -0.26 -0.69  0.09  0.82] [ 0.    0.    0.57  0.42  0.    0.01  0.  ]
16 [-0.05  0.61  0.64  0.01  0.87] [ 0.    0.45  0.01  0.    0.    0.54  0.  ]
16 [-0.19  0.92  0.75  0.59  0.7 ] [ 0.    0.45  0.    0.    0.    0.54  0.  ]
16 [-0.22  0.96  0.73  0.6   0.75] [ 0.    0.42  0.    0.    0.    0.58  0.  ]
16 [-0.22  0.98  0.74  0.6   0.76] [ 0.    0.43  0.    0.    0.    0.57  0.  ]
16 [-0.22  0.99  0.74  0.61  0.75] [ 0.    0.43  0.    0.    0.    0.57  0.  ]
16 [-0.22  0.99  0.74  0.62  0.76] [ 0.    0.43  0.    0.    0.    0.57  0.  ]
16 [-0.22  0.99  0.74  0.62  0.76] [ 0.    0.43  0.    0.    0.    0.57  0.  ]
15 [-0.87 -0.67  0.94  0.98  0.47] [ 0.    0.    0.    0.    0.43  0.56  0.  ]
14 [-0.86 -0.84 -0.64  0.89 -0.38] [ 0.  0.  0.  0.  0.  0.  1.]
17 [-0.86 -0.03  0.7   0.02 -0.87] [ 0.    0.05  0.    0.    0.95  0.    0.  ]
18 [-0.07 -0.92 -0.45  0.87 -0.25] [ 0.  0.  0.  0.  0.  0.  1.]
epoch: 30000
error: 0.0013
final: 0.0006
-----
state =  0 1 10 11 16 15 13 16 15 13 16 16 15 13 16 15 13 16 16 15 13 14 17 18
symbol= BPBPVPXVPXTVPXVPXTVPSEPE
label = 040454354315435431542646
true probabilities:
     B    T    S    X    P    V    E
1 [ 0.   0.5  0.   0.   0.5  0.   0. ]
10 [ 1.  0.  0.  0.  0.  0.  0.]
11 [ 0.   0.5  0.   0.   0.5  0.   0. ]
16 [ 0.   0.5  0.   0.   0.   0.5  0. ]
15 [ 0.   0.   0.   0.   0.5  0.5  0. ]
13 [ 0.   0.   0.5  0.5  0.   0.   0. ]
16 [ 0.   0.5  0.   0.   0.   0.5  0. ]
15 [ 0.   0.   0.   0.   0.5  0.5  0. ]
13 [ 0.   0.   0.5  0.5  0.   0.   0. ]
16 [ 0.   0.5  0.   0.   0.   0.5  0. ]
16 [ 0.   0.5  0.   0.   0.   0.5  0. ]
15 [ 0.   0.   0.   0.   0.5  0.5  0. ]
13 [ 0.   0.   0.5  0.5  0.   0.   0. ]
16 [ 0.   0.5  0.   0.   0.   0.5  0. ]
15 [ 0.   0.   0.   0.   0.5  0.5  0. ]
13 [ 0.   0.   0.5  0.5  0.   0.   0. ]
16 [ 0.   0.5  0.   0.   0.   0.5  0. ]
16 [ 0.   0.5  0.   0.   0.   0.5  0. ]
15 [ 0.   0.   0.   0.   0.5  0.5  0. ]
13 [ 0.   0.   0.5  0.5  0.   0.   0. ]
14 [ 0.  0.  0.  0.  0.  0.  1.]
17 [ 0.  0.  0.  0.  1.  0.  0.]
18 [ 0.  0.  0.  0.  0.  0.  1.]
hidden activations and output probabilities [BTSXPVE]:
1 [-0.54  0.3   0.75 -0.4  -0.73] [ 0.   0.5  0.   0.   0.5  0.   0. ]
10 [-0.05  0.84 -0.2  -0.76 -0.18] [ 1.  0.  0.  0.  0.  0.  0.]
11 [-0.92  0.93  0.75  0.3  -0.73] [ 0.    0.53  0.    0.    0.47  0.    0.  ]
16 [-0.09  0.94  0.59  0.76  0.64] [ 0.    0.51  0.    0.    0.    0.48  0.  ]
15 [-0.89 -0.71  0.89  0.95  0.5 ] [ 0.    0.    0.    0.    0.46  0.53  0.  ]
13 [-0.01 -0.24 -0.68  0.09  0.81] [ 0.    0.    0.6   0.4   0.    0.01  0.  ]
16 [-0.05  0.62  0.63  0.01  0.85] [ 0.    0.49  0.01  0.    0.    0.49  0.  ]
15 [-0.86 -0.71  0.88  0.96  0.37] [ 0.    0.01  0.    0.    0.58  0.42  0.  ]
13 [-0.01 -0.29 -0.68  0.11  0.79] [ 0.    0.    0.59  0.4   0.    0.01  0.  ]
16 [-0.05  0.61  0.63  0.01  0.85] [ 0.    0.49  0.01  0.    0.    0.5   0.  ]
16 [-0.2   0.92  0.75  0.6   0.68] [ 0.    0.49  0.    0.    0.    0.5   0.  ]
15 [-0.88 -0.71  0.94  0.97  0.43] [ 0.    0.    0.    0.    0.52  0.47  0.  ]
13 [-0.01 -0.27 -0.67  0.1   0.79] [ 0.    0.    0.59  0.4   0.    0.01  0.  ]
16 [-0.05  0.62  0.63  0.01  0.85] [ 0.    0.49  0.01  0.    0.    0.49  0.  ]
15 [-0.86 -0.71  0.88  0.97  0.37] [ 0.    0.01  0.    0.    0.58  0.41  0.  ]
13 [-0.01 -0.3  -0.68  0.11  0.79] [ 0.    0.    0.6   0.4   0.    0.01  0.  ]
16 [-0.05  0.61  0.63  0.01  0.85] [ 0.    0.49  0.01  0.    0.    0.5   0.  ]
16 [-0.2   0.92  0.75  0.61  0.68] [ 0.    0.48  0.    0.    0.    0.51  0.  ]
15 [-0.88 -0.71  0.94  0.97  0.44] [ 0.    0.    0.    0.    0.51  0.48  0.  ]
13 [-0.01 -0.27 -0.67  0.1   0.8 ] [ 0.    0.    0.59  0.4   0.    0.01  0.  ]
14 [-0.7  -0.55 -0.79  0.92 -0.5 ] [ 0.  0.  0.  0.  0.  0.  1.]
17 [-0.9  -0.05  0.69  0.03 -0.9 ] [ 0.    0.03  0.    0.    0.96  0.    0.  ]
18 [-0.08 -0.88 -0.42  0.86 -0.27] [ 0.  0.  0.  0.  0.  0.  1.]
epoch: 31000
error: 0.0011
final: 0.0004
-----
state =  0 1 10 11 16 15 13 14 17 18
symbol= BPBPVPSEPE
label = 0404542646
true probabilities:
     B    T    S    X    P    V    E
1 [ 0.   0.5  0.   0.   0.5  0.   0. ]
10 [ 1.  0.  0.  0.  0.  0.  0.]
11 [ 0.   0.5  0.   0.   0.5  0.   0. ]
16 [ 0.   0.5  0.   0.   0.   0.5  0. ]
15 [ 0.   0.   0.   0.   0.5  0.5  0. ]
13 [ 0.   0.   0.5  0.5  0.   0.   0. ]
14 [ 0.  0.  0.  0.  0.  0.  1.]
17 [ 0.  0.  0.  0.  1.  0.  0.]
18 [ 0.  0.  0.  0.  0.  0.  1.]
hidden activations and output probabilities [BTSXPVE]:
1 [-0.53  0.31  0.75 -0.4  -0.73] [ 0.    0.53  0.    0.    0.47  0.    0.  ]
10 [-0.05  0.85 -0.17 -0.77 -0.18] [ 1.  0.  0.  0.  0.  0.  0.]
11 [-0.92  0.93  0.75  0.2  -0.72] [ 0.    0.56  0.    0.    0.44  0.    0.  ]
16 [-0.08  0.96  0.59  0.72  0.63] [ 0.    0.58  0.    0.    0.    0.41  0.  ]
15 [-0.88 -0.71  0.9   0.94  0.48] [ 0.    0.    0.    0.    0.48  0.52  0.  ]
13 [-0.01 -0.18 -0.68  0.09  0.81] [ 0.    0.    0.57  0.42  0.    0.01  0.  ]
14 [-0.69 -0.56 -0.8   0.88 -0.45] [ 0.  0.  0.  0.  0.  0.  1.]
17 [-0.94 -0.07  0.71  0.03 -0.88] [ 0.    0.03  0.    0.    0.97  0.    0.  ]
18 [-0.07 -0.86 -0.42  0.84 -0.25] [ 0.  0.  0.  0.  0.  0.  1.]
epoch: 32000
error: 0.0012
final: 0.0002
-----
state =  0 1 10 11 12 12 12 12 12 12 13 16 15 14 17 18
symbol= BPBTSSSSSXXVVEPE
label = 0401222223355646
true probabilities:
     B    T    S    X    P    V    E
1 [ 0.   0.5  0.   0.   0.5  0.   0. ]
10 [ 1.  0.  0.  0.  0.  0.  0.]
11 [ 0.   0.5  0.   0.   0.5  0.   0. ]
12 [ 0.   0.   0.5  0.5  0.   0.   0. ]
12 [ 0.   0.   0.5  0.5  0.   0.   0. ]
12 [ 0.   0.   0.5  0.5  0.   0.   0. ]
12 [ 0.   0.   0.5  0.5  0.   0.   0. ]
12 [ 0.   0.   0.5  0.5  0.   0.   0. ]
12 [ 0.   0.   0.5  0.5  0.   0.   0. ]
13 [ 0.   0.   0.5  0.5  0.   0.   0. ]
16 [ 0.   0.5  0.   0.   0.   0.5  0. ]
15 [ 0.   0.   0.   0.   0.5  0.5  0. ]
14 [ 0.  0.  0.  0.  0.  0.  1.]
17 [ 0.  0.  0.  0.  1.  0.  0.]
18 [ 0.  0.  0.  0.  0.  0.  1.]
hidden activations and output probabilities [BTSXPVE]:
1 [-0.54  0.29  0.75 -0.4  -0.73] [ 0.    0.49  0.    0.    0.5   0.    0.  ]
10 [-0.05  0.84 -0.25 -0.77 -0.22] [ 1.  0.  0.  0.  0.  0.  0.]
11 [-0.92  0.92  0.75  0.38 -0.74] [ 0.    0.49  0.    0.    0.51  0.    0.  ]
12 [-0.74  0.78 -0.74  0.81  0.59] [ 0.    0.    0.43  0.55  0.    0.01  0.  ]
12 [-0.87  0.01 -0.96  0.93  0.74] [ 0.    0.    0.44  0.56  0.    0.    0.  ]
12 [-0.86 -0.31 -0.99  0.85  0.71] [ 0.    0.    0.46  0.54  0.    0.    0.  ]
12 [-0.85 -0.25 -0.99  0.82  0.58] [ 0.    0.    0.45  0.55  0.    0.    0.  ]
12 [-0.88 -0.25 -1.    0.86  0.58] [ 0.    0.    0.44  0.55  0.    0.    0.  ]
12 [-0.88 -0.24 -1.    0.85  0.6 ] [ 0.    0.    0.44  0.55  0.    0.    0.  ]
13 [-0.14 -0.68 -0.96  0.01  0.9 ] [ 0.    0.    0.59  0.41  0.    0.    0.  ]
16 [-0.05  0.51  0.68  0.01  0.89] [ 0.    0.37  0.01  0.    0.    0.61  0.  ]
15 [-0.83 -0.71  0.87  0.98  0.47] [ 0.    0.    0.    0.    0.43  0.56  0.  ]
14 [-0.87 -0.84 -0.62  0.87 -0.34] [ 0.  0.  0.  0.  0.  0.  1.]
17 [-0.98 -0.12  0.7   0.02 -0.86] [ 0.    0.02  0.    0.    0.98  0.    0.  ]
18 [-0.08 -0.92 -0.5   0.86 -0.25] [ 0.  0.  0.  0.  0.  0.  1.]
epoch: 33000
error: 0.0013
final: 0.0001
-----
state =  0 1 10 11 16 16 16 16 15 14 17 18
symbol= BPBPTTTVVEPE
label = 040411155646
true probabilities:
     B    T    S    X    P    V    E
1 [ 0.   0.5  0.   0.   0.5  0.   0. ]
10 [ 1.  0.  0.  0.  0.  0.  0.]
11 [ 0.   0.5  0.   0.   0.5  0.   0. ]
16 [ 0.   0.5  0.   0.   0.   0.5  0. ]
16 [ 0.   0.5  0.   0.   0.   0.5  0. ]
16 [ 0.   0.5  0.   0.   0.   0.5  0. ]
16 [ 0.   0.5  0.   0.   0.   0.5  0. ]
15 [ 0.   0.   0.   0.   0.5  0.5  0. ]
14 [ 0.  0.  0.  0.  0.  0.  1.]
17 [ 0.  0.  0.  0.  1.  0.  0.]
18 [ 0.  0.  0.  0.  0.  0.  1.]
hidden activations and output probabilities [BTSXPVE]:
1 [-0.53  0.29  0.75 -0.42 -0.73] [ 0.    0.51  0.    0.    0.49  0.    0.  ]
10 [-0.05  0.84 -0.28 -0.77 -0.25] [ 1.  0.  0.  0.  0.  0.  0.]
11 [-0.93  0.92  0.75  0.41 -0.75] [ 0.    0.47  0.    0.    0.52  0.    0.  ]
16 [-0.09  0.92  0.6   0.79  0.64] [ 0.    0.45  0.    0.    0.    0.54  0.  ]
16 [-0.23  0.94  0.7   0.53  0.76] [ 0.    0.42  0.    0.    0.    0.57  0.  ]
16 [-0.23  0.98  0.74  0.6   0.75] [ 0.    0.41  0.    0.    0.    0.58  0.  ]
16 [-0.22  0.99  0.73  0.61  0.76] [ 0.    0.42  0.    0.    0.    0.58  0.  ]
15 [-0.88 -0.7   0.93  0.98  0.48] [ 0.    0.    0.    0.    0.46  0.54  0.  ]
14 [-0.87 -0.85 -0.64  0.87 -0.37] [ 0.  0.  0.  0.  0.  0.  1.]
17 [-0.91 -0.14  0.7   0.02 -0.86] [ 0.    0.02  0.    0.    0.97  0.    0.  ]
18 [-0.06 -0.92 -0.52  0.85 -0.34] [ 0.  0.  0.  0.  0.  0.  1.]
epoch: 34000
error: 0.0011
final: 0.0002
-----
state =  0 1 10 11 12 12 12 12 12 13 14 17 18
symbol= BPBTSSSSXSEPE
label = 0401222232646
true probabilities:
     B    T    S    X    P    V    E
1 [ 0.   0.5  0.   0.   0.5  0.   0. ]
10 [ 1.  0.  0.  0.  0.  0.  0.]
11 [ 0.   0.5  0.   0.   0.5  0.   0. ]
12 [ 0.   0.   0.5  0.5  0.   0.   0. ]
12 [ 0.   0.   0.5  0.5  0.   0.   0. ]
12 [ 0.   0.   0.5  0.5  0.   0.   0. ]
12 [ 0.   0.   0.5  0.5  0.   0.   0. ]
12 [ 0.   0.   0.5  0.5  0.   0.   0. ]
13 [ 0.   0.   0.5  0.5  0.   0.   0. ]
14 [ 0.  0.  0.  0.  0.  0.  1.]
17 [ 0.  0.  0.  0.  1.  0.  0.]
18 [ 0.  0.  0.  0.  0.  0.  1.]
hidden activations and output probabilities [BTSXPVE]:
1 [-0.54  0.3   0.75 -0.42 -0.73] [ 0.   0.5  0.   0.   0.5  0.   0. ]
10 [-0.05  0.84 -0.25 -0.78 -0.2 ] [ 1.  0.  0.  0.  0.  0.  0.]
11 [-0.92  0.92  0.75  0.35 -0.73] [ 0.    0.49  0.    0.    0.51  0.    0.  ]
12 [-0.76  0.76 -0.74  0.79  0.6 ] [ 0.    0.    0.45  0.53  0.    0.01  0.  ]
12 [-0.88 -0.04 -0.96  0.93  0.74] [ 0.    0.    0.46  0.53  0.    0.    0.  ]
12 [-0.86 -0.36 -0.99  0.84  0.7 ] [ 0.    0.    0.48  0.52  0.    0.    0.  ]
12 [-0.86 -0.29 -0.99  0.81  0.55] [ 0.    0.    0.47  0.53  0.    0.    0.01]
12 [-0.88 -0.29 -0.99  0.86  0.54] [ 0.    0.    0.46  0.53  0.    0.    0.01]
13 [-0.13 -0.71 -0.93  0.01  0.89] [ 0.    0.    0.61  0.39  0.    0.    0.  ]
14 [-0.71 -0.41 -0.71  0.88 -0.59] [ 0.  0.  0.  0.  0.  0.  1.]
17 [-0.98 -0.22  0.68  0.04 -0.9 ] [ 0.    0.01  0.    0.    0.99  0.    0.  ]
18 [-0.08 -0.97 -0.54  0.84 -0.44] [ 0.  0.  0.  0.  0.  0.  1.]
epoch: 35000
error: 0.0007
final: 0.0000
-----
state =  0 1 10 11 16 15 14 17 18
symbol= BPBPVVEPE
label = 040455646
true probabilities:
     B    T    S    X    P    V    E
1 [ 0.   0.5  0.   0.   0.5  0.   0. ]
10 [ 1.  0.  0.  0.  0.  0.  0.]
11 [ 0.   0.5  0.   0.   0.5  0.   0. ]
16 [ 0.   0.5  0.   0.   0.   0.5  0. ]
15 [ 0.   0.   0.   0.   0.5  0.5  0. ]
14 [ 0.  0.  0.  0.  0.  0.  1.]
17 [ 0.  0.  0.  0.  1.  0.  0.]
18 [ 0.  0.  0.  0.  0.  0.  1.]
hidden activations and output probabilities [BTSXPVE]:
1 [-0.54  0.31  0.75 -0.44 -0.73] [ 0.    0.53  0.    0.    0.46  0.    0.  ]
10 [-0.05  0.84 -0.21 -0.79 -0.2 ] [ 1.  0.  0.  0.  0.  0.  0.]
11 [-0.92  0.93  0.75  0.23 -0.73] [ 0.    0.54  0.    0.    0.46  0.    0.  ]
16 [-0.08  0.95  0.6   0.72  0.64] [ 0.    0.53  0.    0.    0.    0.46  0.  ]
15 [-0.88 -0.72  0.9   0.94  0.49] [ 0.    0.    0.    0.    0.48  0.51  0.  ]
14 [-0.87 -0.86 -0.64  0.85 -0.37] [ 0.  0.  0.  0.  0.  0.  1.]
17 [-0.92 -0.23  0.71  0.02 -0.86] [ 0.    0.02  0.    0.    0.98  0.    0.  ]
18 [-0.05 -0.92 -0.53  0.82 -0.41] [ 0.  0.  0.  0.  0.  0.  1.]
epoch: 36000
error: 0.0003
final: 0.0001
-----
state =  0 1 2 3 8 7 6 9 18
symbol= BTBPVVETE
label = 010455616
true probabilities:
     B    T    S    X    P    V    E
1 [ 0.   0.5  0.   0.   0.5  0.   0. ]
2 [ 1.  0.  0.  0.  0.  0.  0.]
3 [ 0.   0.5  0.   0.   0.5  0.   0. ]
8 [ 0.   0.5  0.   0.   0.   0.5  0. ]
7 [ 0.   0.   0.   0.   0.5  0.5  0. ]
6 [ 0.  0.  0.  0.  0.  0.  1.]
9 [ 0.  1.  0.  0.  0.  0.  0.]
18 [ 0.  0.  0.  0.  0.  0.  1.]
hidden activations and output probabilities [BTSXPVE]:
1 [-0.54  0.29  0.75 -0.44 -0.73] [ 0.    0.49  0.    0.    0.51  0.    0.  ]
2 [ 0.07  0.71 -0.69 -0.8  -0.78] [ 1.  0.  0.  0.  0.  0.  0.]
3 [-0.69  0.71  0.74  0.62 -0.92] [ 0.   0.5  0.   0.   0.5  0.   0. ]
8 [-0.06  0.65  0.6   0.79  0.5 ] [ 0.    0.46  0.    0.    0.01  0.53  0.  ]
7 [-0.75 -0.73  0.87  0.95  0.41] [ 0.    0.01  0.    0.    0.49  0.5   0.  ]
6 [-0.23 -0.84 -0.63  0.86 -0.44] [ 0.  0.  0.  0.  0.  0.  1.]
9 [ 0.64 -0.11  0.74  0.02 -0.86] [ 0.    0.98  0.    0.    0.02  0.    0.  ]
18 [ 0.33 -0.7  -0.41  0.9  -0.82] [ 0.  0.  0.  0.  0.  0.  1.]
epoch: 37000
error: 0.0001
final: 0.0002
-----
state =  0 1 2 3 8 7 5 6 9 18
symbol= BTBPVPSETE
label = 0104542616
true probabilities:
     B    T    S    X    P    V    E
1 [ 0.   0.5  0.   0.   0.5  0.   0. ]
2 [ 1.  0.  0.  0.  0.  0.  0.]
3 [ 0.   0.5  0.   0.   0.5  0.   0. ]
8 [ 0.   0.5  0.   0.   0.   0.5  0. ]
7 [ 0.   0.   0.   0.   0.5  0.5  0. ]
5 [ 0.   0.   0.5  0.5  0.   0.   0. ]
6 [ 0.  0.  0.  0.  0.  0.  1.]
9 [ 0.  1.  0.  0.  0.  0.  0.]
18 [ 0.  0.  0.  0.  0.  0.  1.]
hidden activations and output probabilities [BTSXPVE]:
1 [-0.55  0.28  0.75 -0.41 -0.73] [ 0.    0.47  0.    0.    0.53  0.    0.  ]
2 [ 0.08  0.68 -0.71 -0.77 -0.77] [ 1.  0.  0.  0.  0.  0.  0.]
3 [-0.69  0.67  0.74  0.64 -0.92] [ 0.    0.47  0.    0.    0.53  0.    0.  ]
8 [-0.05  0.59  0.59  0.81  0.5 ] [ 0.    0.4   0.    0.    0.01  0.59  0.  ]
7 [-0.64 -0.73  0.86  0.95  0.46] [ 0.    0.01  0.    0.    0.29  0.7   0.  ]
5 [-0.   -0.24 -0.69  0.09  0.8 ] [ 0.    0.    0.56  0.43  0.    0.    0.  ]
6 [-0.06 -0.51 -0.83  0.89 -0.48] [ 0.  0.  0.  0.  0.  0.  1.]
9 [ 0.71 -0.1   0.73  0.03 -0.86] [ 0.    0.98  0.    0.    0.01  0.    0.  ]
18 [ 0.32 -0.6  -0.4   0.82 -0.81] [ 0.  0.  0.  0.  0.  0.  1.]
epoch: 38000
error: 0.0039
final: 0.0001
-----
state =  0 1 2 3 8 7 5 6 9 18
symbol= BTBPVPSETE
label = 0104542616
true probabilities:
     B    T    S    X    P    V    E
1 [ 0.   0.5  0.   0.   0.5  0.   0. ]
2 [ 1.  0.  0.  0.  0.  0.  0.]
3 [ 0.   0.5  0.   0.   0.5  0.   0. ]
8 [ 0.   0.5  0.   0.   0.   0.5  0. ]
7 [ 0.   0.   0.   0.   0.5  0.5  0. ]
5 [ 0.   0.   0.5  0.5  0.   0.   0. ]
6 [ 0.  0.  0.  0.  0.  0.  1.]
9 [ 0.  1.  0.  0.  0.  0.  0.]
18 [ 0.  0.  0.  0.  0.  0.  1.]
hidden activations and output probabilities [BTSXPVE]:
1 [-0.54  0.29  0.75 -0.44 -0.73] [ 0.    0.49  0.    0.    0.5   0.    0.  ]
2 [ 0.06  0.71 -0.71 -0.79 -0.79] [ 1.  0.  0.  0.  0.  0.  0.]
3 [-0.7   0.68  0.73  0.64 -0.92] [ 0.    0.46  0.    0.    0.53  0.    0.  ]
8 [-0.05  0.63  0.59  0.81  0.48] [ 0.    0.47  0.    0.    0.01  0.52  0.  ]
7 [-0.69 -0.73  0.85  0.95  0.45] [ 0.    0.01  0.    0.    0.37  0.62  0.  ]
5 [-0.   -0.24 -0.69  0.09  0.8 ] [ 0.    0.    0.56  0.43  0.    0.    0.  ]
6 [-0.16 -0.51 -0.83  0.89 -0.49] [ 0.  0.  0.  0.  0.  0.  1.]
9 [ 0.65 -0.12  0.73  0.03 -0.86] [ 0.    0.98  0.    0.    0.02  0.    0.  ]
18 [ 0.32 -0.61 -0.49  0.83 -0.83] [ 0.  0.  0.  0.  0.  0.  1.]
epoch: 39000
error: 0.0016
final: 0.0001
-----
state =  0 1 2 3 8 8 7 6 9 18
symbol= BTBPTVVETE
label = 0104155616
true probabilities:
     B    T    S    X    P    V    E
1 [ 0.   0.5  0.   0.   0.5  0.   0. ]
2 [ 1.  0.  0.  0.  0.  0.  0.]
3 [ 0.   0.5  0.   0.   0.5  0.   0. ]
8 [ 0.   0.5  0.   0.   0.   0.5  0. ]
8 [ 0.   0.5  0.   0.   0.   0.5  0. ]
7 [ 0.   0.   0.   0.   0.5  0.5  0. ]
6 [ 0.  0.  0.  0.  0.  0.  1.]
9 [ 0.  1.  0.  0.  0.  0.  0.]
18 [ 0.  0.  0.  0.  0.  0.  1.]
hidden activations and output probabilities [BTSXPVE]:
1 [-0.55  0.29  0.75 -0.44 -0.73] [ 0.    0.51  0.    0.    0.49  0.    0.  ]
2 [ 0.03  0.7  -0.71 -0.79 -0.79] [ 1.  0.  0.  0.  0.  0.  0.]
3 [-0.72  0.69  0.74  0.65 -0.92] [ 0.    0.45  0.    0.    0.54  0.    0.  ]
8 [-0.06  0.57  0.59  0.81  0.5 ] [ 0.    0.41  0.    0.    0.01  0.58  0.  ]
8 [-0.1   0.72  0.58  0.5   0.75] [ 0.    0.41  0.    0.    0.    0.58  0.  ]
7 [-0.69 -0.74  0.9   0.96  0.39] [ 0.    0.01  0.    0.    0.42  0.57  0.  ]
6 [-0.08 -0.84 -0.66  0.87 -0.45] [ 0.  0.  0.  0.  0.  0.  1.]
9 [ 0.71 -0.09  0.74  0.03 -0.85] [ 0.    0.99  0.    0.    0.01  0.    0.  ]
18 [ 0.31 -0.6  -0.43  0.9  -0.82] [ 0.  0.  0.  0.  0.  0.  1.]
epoch: 40000
error: 0.0016
final: 0.0000
-----
state =  0 1 10 11 16 16 15 14 17 18
symbol= BPBPTVVEPE
label = 0404155646
true probabilities:
     B    T    S    X    P    V    E
1 [ 0.   0.5  0.   0.   0.5  0.   0. ]
10 [ 1.  0.  0.  0.  0.  0.  0.]
11 [ 0.   0.5  0.   0.   0.5  0.   0. ]
16 [ 0.   0.5  0.   0.   0.   0.5  0. ]
16 [ 0.   0.5  0.   0.   0.   0.5  0. ]
15 [ 0.   0.   0.   0.   0.5  0.5  0. ]
14 [ 0.  0.  0.  0.  0.  0.  1.]
17 [ 0.  0.  0.  0.  1.  0.  0.]
18 [ 0.  0.  0.  0.  0.  0.  1.]
hidden activations and output probabilities [BTSXPVE]:
1 [-0.55  0.29  0.75 -0.45 -0.73] [ 0.    0.49  0.    0.    0.5   0.    0.  ]
10 [-0.05  0.83 -0.31 -0.8  -0.2 ] [ 1.  0.  0.  0.  0.  0.  0.]
11 [-0.93  0.92  0.74  0.4  -0.73] [ 0.    0.5   0.    0.    0.49  0.    0.  ]
16 [-0.08  0.92  0.6   0.79  0.67] [ 0.    0.45  0.    0.    0.    0.54  0.  ]
16 [-0.19  0.95  0.73  0.53  0.75] [ 0.    0.46  0.    0.    0.    0.53  0.  ]
15 [-0.87 -0.73  0.94  0.97  0.41] [ 0.    0.    0.    0.    0.55  0.45  0.  ]
14 [-0.88 -0.87 -0.68  0.87 -0.43] [ 0.  0.  0.  0.  0.  0.  1.]
17 [-0.9  -0.32  0.7   0.02 -0.86] [ 0.    0.01  0.    0.    0.99  0.    0.  ]
18 [-0.05 -0.9  -0.59  0.82 -0.46] [ 0.  0.  0.  0.  0.  0.  1.]
epoch: 41000
error: 0.0004
final: 0.0000
-----
state =  0 1 2 3 4 4 4 4 4 5 6 9 18
symbol= BTBTSSSSXSETE
label = 0101222232616
true probabilities:
     B    T    S    X    P    V    E
1 [ 0.   0.5  0.   0.   0.5  0.   0. ]
2 [ 1.  0.  0.  0.  0.  0.  0.]
3 [ 0.   0.5  0.   0.   0.5  0.   0. ]
4 [ 0.   0.   0.5  0.5  0.   0.   0. ]
4 [ 0.   0.   0.5  0.5  0.   0.   0. ]
4 [ 0.   0.   0.5  0.5  0.   0.   0. ]
4 [ 0.   0.   0.5  0.5  0.   0.   0. ]
4 [ 0.   0.   0.5  0.5  0.   0.   0. ]
5 [ 0.   0.   0.5  0.5  0.   0.   0. ]
6 [ 0.  0.  0.  0.  0.  0.  1.]
9 [ 0.  1.  0.  0.  0.  0.  0.]
18 [ 0.  0.  0.  0.  0.  0.  1.]
hidden activations and output probabilities [BTSXPVE]:
1 [-0.54  0.3   0.75 -0.45 -0.73] [ 0.    0.55  0.    0.    0.45  0.    0.  ]
2 [ 0.04  0.7  -0.71 -0.8  -0.79] [ 1.  0.  0.  0.  0.  0.  0.]
3 [-0.72  0.69  0.73  0.65 -0.92] [ 0.    0.49  0.    0.    0.51  0.    0.  ]
4 [-0.02  0.2  -0.74  0.85  0.44] [ 0.    0.    0.44  0.55  0.    0.01  0.  ]
4 [-0.07 -0.2  -0.95  0.92  0.6 ] [ 0.    0.    0.45  0.55  0.    0.    0.  ]
4 [-0.05 -0.12 -0.99  0.85  0.52] [ 0.    0.    0.45  0.55  0.    0.    0.  ]
4 [-0.06 -0.14 -0.99  0.89  0.52] [ 0.    0.    0.44  0.55  0.    0.    0.  ]
4 [-0.06 -0.13 -1.    0.88  0.54] [ 0.    0.    0.44  0.55  0.    0.    0.  ]
5 [-0.01 -0.26 -0.96  0.01  0.88] [ 0.    0.    0.56  0.43  0.    0.    0.  ]
6 [-0.13 -0.45 -0.92  0.92 -0.44] [ 0.  0.  0.  0.  0.  0.  1.]
9 [ 0.68 -0.1   0.71  0.03 -0.83] [ 0.    0.98  0.    0.    0.01  0.    0.  ]
18 [ 0.3  -0.54 -0.45  0.92 -0.82] [ 0.  0.  0.  0.  0.  0.  1.]
epoch: 42000
error: 0.0007
final: 0.0001
-----
state =  0 1 2 3 8 7 5 6 9 18
symbol= BTBPVPSETE
label = 0104542616
true probabilities:
     B    T    S    X    P    V    E
1 [ 0.   0.5  0.   0.   0.5  0.   0. ]
2 [ 1.  0.  0.  0.  0.  0.  0.]
3 [ 0.   0.5  0.   0.   0.5  0.   0. ]
8 [ 0.   0.5  0.   0.   0.   0.5  0. ]
7 [ 0.   0.   0.   0.   0.5  0.5  0. ]
5 [ 0.   0.   0.5  0.5  0.   0.   0. ]
6 [ 0.  0.  0.  0.  0.  0.  1.]
9 [ 0.  1.  0.  0.  0.  0.  0.]
18 [ 0.  0.  0.  0.  0.  0.  1.]
hidden activations and output probabilities [BTSXPVE]:
1 [-0.55  0.28  0.75 -0.46 -0.73] [ 0.   0.5  0.   0.   0.5  0.   0. ]
2 [ 0.02  0.7  -0.7  -0.8  -0.79] [ 1.  0.  0.  0.  0.  0.  0.]
3 [-0.73  0.69  0.73  0.64 -0.92] [ 0.    0.45  0.    0.    0.54  0.    0.  ]
8 [-0.06  0.59  0.59  0.8   0.51] [ 0.    0.41  0.    0.    0.01  0.58  0.  ]
7 [-0.72 -0.74  0.86  0.95  0.44] [ 0.    0.    0.    0.    0.4   0.59  0.  ]
5 [-0.   -0.28 -0.69  0.09  0.79] [ 0.    0.    0.58  0.41  0.    0.    0.  ]
6 [-0.21 -0.48 -0.84  0.9  -0.53] [ 0.  0.  0.  0.  0.  0.  1.]
9 [ 0.62 -0.13  0.72  0.04 -0.86] [ 0.    0.98  0.    0.    0.02  0.    0.  ]
18 [ 0.32 -0.55 -0.54  0.83 -0.84] [ 0.  0.  0.  0.  0.  0.  1.]
epoch: 43000
error: 0.0018
final: 0.0001
-----
state =  0 1 2 3 4 4 4 4 5 6 9 18
symbol= BTBTSSSXSETE
label = 010122232616
true probabilities:
     B    T    S    X    P    V    E
1 [ 0.   0.5  0.   0.   0.5  0.   0. ]
2 [ 1.  0.  0.  0.  0.  0.  0.]
3 [ 0.   0.5  0.   0.   0.5  0.   0. ]
4 [ 0.   0.   0.5  0.5  0.   0.   0. ]
4 [ 0.   0.   0.5  0.5  0.   0.   0. ]
4 [ 0.   0.   0.5  0.5  0.   0.   0. ]
4 [ 0.   0.   0.5  0.5  0.   0.   0. ]
5 [ 0.   0.   0.5  0.5  0.   0.   0. ]
6 [ 0.  0.  0.  0.  0.  0.  1.]
9 [ 0.  1.  0.  0.  0.  0.  0.]
18 [ 0.  0.  0.  0.  0.  0.  1.]
hidden activations and output probabilities [BTSXPVE]:
1 [-0.55  0.27  0.75 -0.46 -0.73] [ 0.    0.49  0.    0.    0.5   0.    0.  ]
2 [ 0.06  0.68 -0.7  -0.8  -0.8 ] [ 1.  0.  0.  0.  0.  0.  0.]
3 [-0.7   0.67  0.73  0.61 -0.93] [ 0.    0.48  0.    0.    0.52  0.    0.  ]
4 [ 0.02  0.18 -0.74  0.83  0.38] [ 0.    0.01  0.45  0.53  0.    0.01  0.  ]
4 [-0.02 -0.17 -0.95  0.93  0.55] [ 0.    0.    0.46  0.53  0.    0.    0.  ]
4 [-0.01 -0.1  -0.99  0.87  0.52] [ 0.    0.    0.46  0.53  0.    0.    0.  ]
4 [-0.02 -0.12 -0.99  0.89  0.52] [ 0.    0.    0.46  0.54  0.    0.    0.  ]
5 [-0.   -0.25 -0.94  0.01  0.87] [ 0.    0.    0.58  0.42  0.    0.    0.  ]
6 [-0.08 -0.45 -0.9   0.93 -0.44] [ 0.  0.  0.  0.  0.  0.  1.]
9 [ 0.7  -0.09  0.72  0.03 -0.82] [ 0.    0.99  0.    0.    0.01  0.    0.  ]
18 [ 0.3  -0.47 -0.37  0.92 -0.81] [ 0.  0.  0.  0.  0.  0.  1.]
epoch: 44000
error: 0.0006
final: 0.0000
-----
state =  0 1 10 11 16 16 16 15 14 17 18
symbol= BPBPTTVVEPE
label = 04041155646
true probabilities:
     B    T    S    X    P    V    E
1 [ 0.   0.5  0.   0.   0.5  0.   0. ]
10 [ 1.  0.  0.  0.  0.  0.  0.]
11 [ 0.   0.5  0.   0.   0.5  0.   0. ]
16 [ 0.   0.5  0.   0.   0.   0.5  0. ]
16 [ 0.   0.5  0.   0.   0.   0.5  0. ]
16 [ 0.   0.5  0.   0.   0.   0.5  0. ]
15 [ 0.   0.   0.   0.   0.5  0.5  0. ]
14 [ 0.  0.  0.  0.  0.  0.  1.]
17 [ 0.  0.  0.  0.  1.  0.  0.]
18 [ 0.  0.  0.  0.  0.  0.  1.]
hidden activations and output probabilities [BTSXPVE]:
1 [-0.55  0.27  0.75 -0.47 -0.73] [ 0.    0.49  0.    0.    0.51  0.    0.  ]
10 [-0.05  0.83 -0.37 -0.81 -0.34] [ 1.  0.  0.  0.  0.  0.  0.]
11 [-0.93  0.91  0.74  0.43 -0.78] [ 0.    0.47  0.    0.    0.52  0.    0.  ]
16 [-0.08  0.92  0.61  0.79  0.63] [ 0.   0.5  0.   0.   0.   0.5  0. ]
16 [-0.19  0.94  0.74  0.56  0.76] [ 0.    0.44  0.    0.    0.    0.56  0.  ]
16 [-0.17  0.98  0.76  0.63  0.76] [ 0.    0.43  0.    0.    0.    0.56  0.  ]
15 [-0.85 -0.72  0.94  0.97  0.47] [ 0.    0.    0.    0.    0.44  0.55  0.  ]
14 [-0.86 -0.86 -0.67  0.86 -0.37] [ 0.  0.  0.  0.  0.  0.  1.]
17 [-0.86 -0.4   0.72  0.02 -0.84] [ 0.    0.01  0.    0.    0.99  0.    0.  ]
18 [-0.03 -0.84 -0.62  0.78 -0.61] [ 0.  0.  0.  0.  0.  0.  1.]
epoch: 45000
error: 0.0007
final: 0.0000
-----
state =  0 1 10 11 12 12 12 13 14 17 18
symbol= BPBTSSXSEPE
label = 04012232646
true probabilities:
     B    T    S    X    P    V    E
1 [ 0.   0.5  0.   0.   0.5  0.   0. ]
10 [ 1.  0.  0.  0.  0.  0.  0.]
11 [ 0.   0.5  0.   0.   0.5  0.   0. ]
12 [ 0.   0.   0.5  0.5  0.   0.   0. ]
12 [ 0.   0.   0.5  0.5  0.   0.   0. ]
12 [ 0.   0.   0.5  0.5  0.   0.   0. ]
13 [ 0.   0.   0.5  0.5  0.   0.   0. ]
14 [ 0.  0.  0.  0.  0.  0.  1.]
17 [ 0.  0.  0.  0.  1.  0.  0.]
18 [ 0.  0.  0.  0.  0.  0.  1.]
hidden activations and output probabilities [BTSXPVE]:
1 [-0.55  0.27  0.75 -0.45 -0.73] [ 0.    0.49  0.    0.    0.51  0.    0.  ]
10 [-0.05  0.83 -0.36 -0.79 -0.23] [ 1.  0.  0.  0.  0.  0.  0.]
11 [-0.93  0.91  0.74  0.46 -0.75] [ 0.    0.5   0.    0.    0.49  0.    0.  ]
12 [-0.72  0.71 -0.73  0.84  0.63] [ 0.    0.    0.41  0.58  0.    0.01  0.  ]
12 [-0.88 -0.15 -0.95  0.94  0.75] [ 0.    0.    0.44  0.56  0.    0.    0.  ]
12 [-0.88 -0.45 -0.99  0.82  0.69] [ 0.    0.    0.46  0.54  0.    0.    0.  ]
13 [-0.08 -0.64 -0.81  0.    0.92] [ 0.    0.    0.61  0.39  0.    0.    0.  ]
14 [-0.73 -0.43 -0.73  0.89 -0.59] [ 0.  0.  0.  0.  0.  0.  1.]
17 [-0.91 -0.43  0.7   0.04 -0.86] [ 0.    0.01  0.    0.    0.99  0.    0.  ]
18 [-0.05 -0.88 -0.63  0.78 -0.57] [ 0.  0.  0.  0.  0.  0.  1.]
epoch: 46000
error: 0.0014
final: 0.0000
-----
state =  0 1 10 11 12 12 13 16 15 14 17 18
symbol= BPBTSXXVVEPE
label = 040123355646
true probabilities:
     B    T    S    X    P    V    E
1 [ 0.   0.5  0.   0.   0.5  0.   0. ]
10 [ 1.  0.  0.  0.  0.  0.  0.]
11 [ 0.   0.5  0.   0.   0.5  0.   0. ]
12 [ 0.   0.   0.5  0.5  0.   0.   0. ]
12 [ 0.   0.   0.5  0.5  0.   0.   0. ]
13 [ 0.   0.   0.5  0.5  0.   0.   0. ]
16 [ 0.   0.5  0.   0.   0.   0.5  0. ]
15 [ 0.   0.   0.   0.   0.5  0.5  0. ]
14 [ 0.  0.  0.  0.  0.  0.  1.]
17 [ 0.  0.  0.  0.  1.  0.  0.]
18 [ 0.  0.  0.  0.  0.  0.  1.]
hidden activations and output probabilities [BTSXPVE]:
1 [-0.55  0.28  0.75 -0.47 -0.73] [ 0.    0.5   0.    0.    0.49  0.    0.  ]
10 [-0.05  0.83 -0.36 -0.8  -0.26] [ 1.  0.  0.  0.  0.  0.  0.]
11 [-0.93  0.91  0.74  0.44 -0.76] [ 0.    0.49  0.    0.    0.51  0.    0.  ]
12 [-0.72  0.73 -0.73  0.83  0.62] [ 0.    0.    0.42  0.57  0.    0.01  0.  ]
12 [-0.89 -0.11 -0.95  0.94  0.75] [ 0.    0.    0.46  0.54  0.    0.    0.  ]
13 [-0.09 -0.6  -0.93  0.01  0.93] [ 0.    0.    0.63  0.37  0.    0.    0.  ]
16 [-0.04  0.59  0.7   0.01  0.91] [ 0.   0.4  0.   0.   0.   0.6  0. ]
15 [-0.83 -0.71  0.9   0.98  0.52] [ 0.    0.    0.    0.    0.36  0.64  0.  ]
14 [-0.86 -0.86 -0.67  0.84 -0.3 ] [ 0.  0.  0.  0.  0.  0.  1.]
17 [-0.89 -0.47  0.73  0.02 -0.82] [ 0.    0.01  0.    0.    0.99  0.    0.  ]
18 [-0.03 -0.82 -0.64  0.77 -0.61] [ 0.  0.  0.  0.  0.  0.  1.]
epoch: 47000
error: 0.0025
final: 0.0000
-----
state =  0 1 2 3 4 4 5 8 8 7 6 9 18
symbol= BTBTSXXTVVETE
label = 0101233155616
true probabilities:
     B    T    S    X    P    V    E
1 [ 0.   0.5  0.   0.   0.5  0.   0. ]
2 [ 1.  0.  0.  0.  0.  0.  0.]
3 [ 0.   0.5  0.   0.   0.5  0.   0. ]
4 [ 0.   0.   0.5  0.5  0.   0.   0. ]
4 [ 0.   0.   0.5  0.5  0.   0.   0. ]
5 [ 0.   0.   0.5  0.5  0.   0.   0. ]
8 [ 0.   0.5  0.   0.   0.   0.5  0. ]
8 [ 0.   0.5  0.   0.   0.   0.5  0. ]
7 [ 0.   0.   0.   0.   0.5  0.5  0. ]
6 [ 0.  0.  0.  0.  0.  0.  1.]
9 [ 0.  1.  0.  0.  0.  0.  0.]
18 [ 0.  0.  0.  0.  0.  0.  1.]
hidden activations and output probabilities [BTSXPVE]:
1 [-0.56  0.26  0.75 -0.45 -0.73] [ 0.    0.47  0.    0.    0.53  0.    0.  ]
2 [ 0.03  0.69 -0.71 -0.8  -0.79] [ 1.  0.  0.  0.  0.  0.  0.]
3 [-0.72  0.67  0.73  0.65 -0.92] [ 0.    0.45  0.    0.    0.54  0.    0.  ]
4 [-0.02  0.18 -0.74  0.85  0.47] [ 0.    0.    0.45  0.53  0.    0.01  0.  ]
4 [-0.06 -0.17 -0.95  0.92  0.59] [ 0.    0.    0.47  0.53  0.    0.    0.  ]
5 [ 0.   -0.22 -0.69  0.01  0.89] [ 0.   0.   0.6  0.4  0.   0.   0. ]
8 [-0.01  0.65  0.69  0.02  0.9 ] [ 0.    0.45  0.    0.    0.    0.54  0.  ]
8 [-0.07  0.92  0.76  0.65  0.71] [ 0.    0.47  0.    0.    0.    0.52  0.  ]
7 [-0.66 -0.73  0.94  0.98  0.44] [ 0.    0.01  0.    0.    0.32  0.68  0.  ]
6 [-0.02 -0.84 -0.65  0.86 -0.43] [ 0.  0.  0.  0.  0.  0.  1.]
9 [ 0.73 -0.07  0.74  0.02 -0.84] [ 0.    0.99  0.    0.    0.01  0.    0.  ]
18 [ 0.29 -0.37 -0.46  0.92 -0.81] [ 0.  0.  0.  0.  0.  0.  1.]
epoch: 48000
error: 0.0020
final: 0.0000
-----
state =  0 1 2 3 8 7 5 6 9 18
symbol= BTBPVPSETE
label = 0104542616
true probabilities:
     B    T    S    X    P    V    E
1 [ 0.   0.5  0.   0.   0.5  0.   0. ]
2 [ 1.  0.  0.  0.  0.  0.  0.]
3 [ 0.   0.5  0.   0.   0.5  0.   0. ]
8 [ 0.   0.5  0.   0.   0.   0.5  0. ]
7 [ 0.   0.   0.   0.   0.5  0.5  0. ]
5 [ 0.   0.   0.5  0.5  0.   0.   0. ]
6 [ 0.  0.  0.  0.  0.  0.  1.]
9 [ 0.  1.  0.  0.  0.  0.  0.]
18 [ 0.  0.  0.  0.  0.  0.  1.]
hidden activations and output probabilities [BTSXPVE]:
1 [-0.56  0.27  0.75 -0.47 -0.73] [ 0.    0.48  0.    0.    0.52  0.    0.  ]
2 [ 0.01  0.69 -0.71 -0.8  -0.8 ] [ 1.  0.  0.  0.  0.  0.  0.]
3 [-0.74  0.68  0.73  0.64 -0.93] [ 0.    0.46  0.    0.    0.54  0.    0.  ]
8 [-0.06  0.59  0.59  0.8   0.54] [ 0.    0.4   0.    0.    0.01  0.59  0.  ]
7 [-0.72 -0.74  0.86  0.95  0.41] [ 0.    0.    0.    0.    0.43  0.57  0.  ]
5 [-0.   -0.29 -0.69  0.09  0.78] [ 0.    0.    0.58  0.42  0.    0.    0.  ]
6 [-0.2  -0.42 -0.84  0.89 -0.54] [ 0.  0.  0.  0.  0.  0.  1.]
9 [ 0.63 -0.13  0.72  0.04 -0.86] [ 0.    0.98  0.    0.    0.01  0.    0.  ]
18 [ 0.32 -0.44 -0.57  0.82 -0.84] [ 0.  0.  0.  0.  0.  0.  1.]
epoch: 49000
error: 0.0016
final: 0.0001
-----
state =  0 1 10 11 16 15 14 17 18
symbol= BPBPVVEPE
label = 040455646
true probabilities:
     B    T    S    X    P    V    E
1 [ 0.   0.5  0.   0.   0.5  0.   0. ]
10 [ 1.  0.  0.  0.  0.  0.  0.]
11 [ 0.   0.5  0.   0.   0.5  0.   0. ]
16 [ 0.   0.5  0.   0.   0.   0.5  0. ]
15 [ 0.   0.   0.   0.   0.5  0.5  0. ]
14 [ 0.  0.  0.  0.  0.  0.  1.]
17 [ 0.  0.  0.  0.  1.  0.  0.]
18 [ 0.  0.  0.  0.  0.  0.  1.]
hidden activations and output probabilities [BTSXPVE]:
1 [-0.56  0.27  0.75 -0.46 -0.73] [ 0.   0.5  0.   0.   0.5  0.   0. ]
10 [-0.05  0.83 -0.39 -0.8  -0.29] [ 1.  0.  0.  0.  0.  0.  0.]
11 [-0.94  0.91  0.74  0.48 -0.77] [ 0.    0.48  0.    0.    0.52  0.    0.  ]
16 [-0.08  0.89  0.62  0.81  0.66] [ 0.    0.42  0.    0.    0.    0.58  0.  ]
15 [-0.87 -0.73  0.89  0.95  0.51] [ 0.   0.   0.   0.   0.4  0.6  0. ]
14 [-0.87 -0.87 -0.68  0.84 -0.36] [ 0.  0.  0.  0.  0.  0.  1.]
17 [-0.86 -0.47  0.72  0.02 -0.83] [ 0.    0.01  0.    0.    0.99  0.    0.  ]
18 [-0.03 -0.81 -0.65  0.77 -0.64] [ 0.  0.  0.  0.  0.  0.  1.]
epoch: 50000
error: 0.0016
final: 0.0000
