-----
state =  0 1 2 3 8 7 5 8 7 5 6 9 18
symbol= BTBPVPXVPSETE
label = 0104543542616
true probabilities:
     B    T    S    X    P    V    E
1 [ 0.   0.5  0.   0.   0.5  0.   0. ]
2 [ 1.  0.  0.  0.  0.  0.  0.]
3 [ 0.   0.5  0.   0.   0.5  0.   0. ]
8 [ 0.   0.5  0.   0.   0.   0.5  0. ]
7 [ 0.   0.   0.   0.   0.5  0.5  0. ]
5 [ 0.   0.   0.5  0.5  0.   0.   0. ]
8 [ 0.   0.5  0.   0.   0.   0.5  0. ]
7 [ 0.   0.   0.   0.   0.5  0.5  0. ]
5 [ 0.   0.   0.5  0.5  0.   0.   0. ]
6 [ 0.  0.  0.  0.  0.  0.  1.]
9 [ 0.  1.  0.  0.  0.  0.  0.]
18 [ 0.  0.  0.  0.  0.  0.  1.]
hidden activations and output probabilities [BTSXPVE]:
1 [ 0.08  0.04  0.03  0.12 -0.01  0.03] [ 0.18  0.15  0.15  0.15  0.15  0.1   0.11]
2 [ 0.06  0.04  0.08  0.02 -0.13 -0.03] [ 0.19  0.15  0.15  0.15  0.15  0.1   0.12]
3 [ 0.1   0.04  0.06  0.12 -0.1   0.03] [ 0.19  0.15  0.15  0.15  0.15  0.1   0.11]
8 [ 0.    0.16 -0.01  0.06 -0.1   0.04] [ 0.19  0.15  0.16  0.14  0.15  0.1   0.11]
7 [-0.03  0.17  0.07  0.06 -0.24 -0.09] [ 0.2   0.15  0.15  0.14  0.15  0.1   0.12]
5 [-0.04  0.21 -0.01  0.04 -0.15  0.01] [ 0.19  0.15  0.16  0.14  0.15  0.1   0.12]
8 [ 0.07  0.28  0.02  0.13 -0.09 -0.01] [ 0.19  0.15  0.15  0.15  0.15  0.1   0.11]
7 [-0.    0.21  0.09  0.07 -0.24 -0.13] [ 0.2   0.15  0.15  0.14  0.15  0.1   0.12]
5 [-0.04  0.22 -0.    0.04 -0.15 -0.01] [ 0.19  0.15  0.15  0.14  0.15  0.1   0.12]
6 [ 0.05  0.13  0.12  0.01 -0.18 -0.06] [ 0.19  0.15  0.15  0.14  0.15  0.1   0.12]
9 [ 0.    0.02  0.17 -0.08 -0.21 -0.05] [ 0.19  0.14  0.14  0.14  0.15  0.1   0.13]
18 [ 0.04 -0.    0.13 -0.06 -0.23 -0.04] [ 0.19  0.14  0.14  0.14  0.15  0.11  0.13]
epoch: 0
error: 0.0541
final: 0.1232
-----
state =  0 1 10 11 16 16 15 14 17 18
symbol= BPBPTVVEPE
label = 0404155646
true probabilities:
     B    T    S    X    P    V    E
1 [ 0.   0.5  0.   0.   0.5  0.   0. ]
10 [ 1.  0.  0.  0.  0.  0.  0.]
11 [ 0.   0.5  0.   0.   0.5  0.   0. ]
16 [ 0.   0.5  0.   0.   0.   0.5  0. ]
16 [ 0.   0.5  0.   0.   0.   0.5  0. ]
15 [ 0.   0.   0.   0.   0.5  0.5  0. ]
14 [ 0.  0.  0.  0.  0.  0.  1.]
17 [ 0.  0.  0.  0.  1.  0.  0.]
18 [ 0.  0.  0.  0.  0.  0.  1.]
hidden activations and output probabilities [BTSXPVE]:
1 [ 0.06  0.18  0.25  0.6   0.04  0.13] [ 0.14  0.34  0.08  0.07  0.26  0.08  0.03]
10 [ 0.23  0.74  0.17  0.11 -0.19 -0.07] [ 0.29  0.18  0.11  0.09  0.14  0.14  0.04]
11 [ 0.09  0.15  0.48  0.64 -0.21 -0.13] [ 0.08  0.38  0.07  0.06  0.27  0.1   0.04]
16 [ 0.41  0.65  0.46 -0.05 -0.42 -0.37] [ 0.18  0.17  0.12  0.12  0.12  0.23  0.07]
16 [ 0.64  0.06  0.48 -0.14 -0.36 -0.53] [ 0.08  0.14  0.15  0.16  0.1   0.27  0.1 ]
15 [ 0.38 -0.43  0.75 -0.04 -0.68 -0.75] [ 0.02  0.16  0.11  0.1   0.14  0.23  0.23]
14 [ 0.01 -0.7   0.86 -0.27 -0.81 -0.89] [ 0.01  0.1   0.07  0.06  0.12  0.14  0.5 ]
17 [-0.7  -0.59  0.92  0.48 -0.52 -0.92] [ 0.01  0.32  0.03  0.02  0.34  0.05  0.24]
18 [-0.77 -0.92  0.83 -0.55 -0.84 -0.89] [ 0.    0.04  0.03  0.01  0.07  0.03  0.82]
epoch: 1000
error: 0.0326
final: 0.0860
-----
state =  0 1 2 3 8 8 8 7 5 8 8 8 8 8 8 7 6 9 18
symbol= BTBPTTVPXTTTTTVVETE
label = 0104115431111155616
true probabilities:
     B    T    S    X    P    V    E
1 [ 0.   0.5  0.   0.   0.5  0.   0. ]
2 [ 1.  0.  0.  0.  0.  0.  0.]
3 [ 0.   0.5  0.   0.   0.5  0.   0. ]
8 [ 0.   0.5  0.   0.   0.   0.5  0. ]
8 [ 0.   0.5  0.   0.   0.   0.5  0. ]
8 [ 0.   0.5  0.   0.   0.   0.5  0. ]
7 [ 0.   0.   0.   0.   0.5  0.5  0. ]
5 [ 0.   0.   0.5  0.5  0.   0.   0. ]
8 [ 0.   0.5  0.   0.   0.   0.5  0. ]
8 [ 0.   0.5  0.   0.   0.   0.5  0. ]
8 [ 0.   0.5  0.   0.   0.   0.5  0. ]
8 [ 0.   0.5  0.   0.   0.   0.5  0. ]
8 [ 0.   0.5  0.   0.   0.   0.5  0. ]
8 [ 0.   0.5  0.   0.   0.   0.5  0. ]
7 [ 0.   0.   0.   0.   0.5  0.5  0. ]
6 [ 0.  0.  0.  0.  0.  0.  1.]
9 [ 0.  1.  0.  0.  0.  0.  0.]
18 [ 0.  0.  0.  0.  0.  0.  1.]
hidden activations and output probabilities [BTSXPVE]:
1 [ 0.04  0.11  0.45  0.7  -0.01  0.28] [ 0.06  0.42  0.04  0.03  0.39  0.06  0.01]
2 [ 0.63  0.81  0.22 -0.31 -0.21  0.32] [ 0.81  0.03  0.04  0.06  0.02  0.04  0.01]
3 [ 0.06 -0.08  0.72  0.61 -0.12 -0.18] [ 0.02  0.44  0.05  0.03  0.37  0.08  0.02]
8 [ 0.78  0.09  0.53 -0.16 -0.35 -0.49] [ 0.09  0.12  0.2   0.2   0.06  0.28  0.05]
8 [ 0.88 -0.44  0.56  0.37 -0.24 -0.68] [ 0.01  0.24  0.17  0.12  0.11  0.33  0.02]
8 [ 0.9  -0.26  0.59  0.32 -0.38 -0.84] [ 0.01  0.22  0.16  0.11  0.09  0.38  0.02]
7 [ 0.41 -0.59  0.87  0.37 -0.84 -0.91] [ 0.    0.24  0.1   0.05  0.21  0.3   0.1 ]
5 [ 0.58 -0.74  0.8  -0.11 -0.37 -0.92] [ 0.    0.13  0.2   0.16  0.09  0.25  0.17]
8 [ 0.79 -0.63  0.64  0.36 -0.26 -0.87] [ 0.    0.24  0.16  0.11  0.12  0.32  0.04]
8 [ 0.82 -0.61  0.65  0.23 -0.46 -0.95] [ 0.    0.18  0.17  0.12  0.09  0.38  0.05]
8 [ 0.86 -0.64  0.68  0.26 -0.41 -0.95] [ 0.    0.19  0.17  0.12  0.09  0.37  0.05]
8 [ 0.88 -0.63  0.68  0.28 -0.42 -0.95] [ 0.    0.19  0.17  0.12  0.09  0.38  0.04]
8 [ 0.89 -0.63  0.68  0.29 -0.42 -0.95] [ 0.    0.19  0.17  0.12  0.09  0.39  0.04]
8 [ 0.9  -0.63  0.68  0.29 -0.42 -0.95] [ 0.    0.19  0.17  0.12  0.09  0.39  0.04]
7 [ 0.39 -0.68  0.9   0.35 -0.86 -0.94] [ 0.    0.23  0.1   0.04  0.21  0.3   0.12]
6 [-0.27 -0.84  0.92 -0.26 -0.89 -0.96] [ 0.    0.05  0.04  0.02  0.09  0.06  0.74]
9 [-0.8  -0.37  0.94  0.6  -0.26 -0.94] [ 0.    0.34  0.01  0.01  0.52  0.03  0.09]
18 [-0.75 -0.96  0.7  -0.68 -0.79 -0.97] [ 0.    0.01  0.01  0.01  0.02  0.01  0.95]
epoch: 2000
error: 0.0255
final: 0.1021
-----
state =  0 1 2 3 4 5 6 9 18
symbol= BTBTXSETE
label = 010132616
true probabilities:
     B    T    S    X    P    V    E
1 [ 0.   0.5  0.   0.   0.5  0.   0. ]
2 [ 1.  0.  0.  0.  0.  0.  0.]
3 [ 0.   0.5  0.   0.   0.5  0.   0. ]
4 [ 0.   0.   0.5  0.5  0.   0.   0. ]
5 [ 0.   0.   0.5  0.5  0.   0.   0. ]
6 [ 0.  0.  0.  0.  0.  0.  1.]
9 [ 0.  1.  0.  0.  0.  0.  0.]
18 [ 0.  0.  0.  0.  0.  0.  1.]
hidden activations and output probabilities [BTSXPVE]:
1 [ 0.03  0.08  0.57  0.73 -0.03  0.4 ] [ 0.03  0.45  0.02  0.01  0.44  0.05  0.  ]
2 [ 0.71  0.83  0.26 -0.4  -0.19  0.64] [ 0.95  0.01  0.01  0.02  0.    0.01  0.  ]
3 [ 0.04 -0.04  0.8   0.61 -0.05 -0.23] [ 0.    0.51  0.03  0.02  0.36  0.08  0.01]
4 [ 0.88 -0.36  0.57 -0.41 -0.3   0.  ] [ 0.05  0.04  0.32  0.41  0.02  0.11  0.04]
5 [ 0.88 -0.44  0.41  0.07 -0.06 -0.55] [ 0.01  0.17  0.28  0.23  0.05  0.25  0.02]
6 [ 0.17 -0.76  0.59 -0.61 -0.58 -0.67] [ 0.    0.02  0.16  0.13  0.03  0.06  0.61]
9 [-0.67 -0.12  0.92  0.71 -0.06 -0.86] [ 0.    0.43  0.01  0.    0.51  0.03  0.02]
18 [-0.53 -0.95  0.7  -0.68 -0.64 -0.85] [ 0.    0.    0.02  0.01  0.01  0.01  0.95]
epoch: 3000
error: 0.0142
final: 0.0826
-----
state =  0 1 10 11 12 13 16 16 16 15 13 16 16 15 13 16 15 14 17 18
symbol= BPBTXXTTVPXTVPXVVEPE
label = 04013311543154355646
true probabilities:
     B    T    S    X    P    V    E
1 [ 0.   0.5  0.   0.   0.5  0.   0. ]
10 [ 1.  0.  0.  0.  0.  0.  0.]
11 [ 0.   0.5  0.   0.   0.5  0.   0. ]
12 [ 0.   0.   0.5  0.5  0.   0.   0. ]
13 [ 0.   0.   0.5  0.5  0.   0.   0. ]
16 [ 0.   0.5  0.   0.   0.   0.5  0. ]
16 [ 0.   0.5  0.   0.   0.   0.5  0. ]
16 [ 0.   0.5  0.   0.   0.   0.5  0. ]
15 [ 0.   0.   0.   0.   0.5  0.5  0. ]
13 [ 0.   0.   0.5  0.5  0.   0.   0. ]
16 [ 0.   0.5  0.   0.   0.   0.5  0. ]
16 [ 0.   0.5  0.   0.   0.   0.5  0. ]
15 [ 0.   0.   0.   0.   0.5  0.5  0. ]
13 [ 0.   0.   0.5  0.5  0.   0.   0. ]
16 [ 0.   0.5  0.   0.   0.   0.5  0. ]
15 [ 0.   0.   0.   0.   0.5  0.5  0. ]
14 [ 0.  0.  0.  0.  0.  0.  1.]
17 [ 0.  0.  0.  0.  1.  0.  0.]
18 [ 0.  0.  0.  0.  0.  0.  1.]
hidden activations and output probabilities [BTSXPVE]:
1 [ 0.03  0.07  0.62  0.74  0.01  0.47] [ 0.02  0.46  0.01  0.01  0.47  0.04  0.  ]
10 [ 0.71  0.91 -0.05  0.31 -0.18  0.46] [ 0.93  0.03  0.    0.    0.01  0.02  0.  ]
11 [ 0.02  0.02  0.67  0.79 -0.29 -0.19] [ 0.    0.45  0.01  0.    0.43  0.1   0.  ]
12 [ 0.89 -0.28  0.61 -0.53 -0.33  0.29] [ 0.07  0.02  0.33  0.49  0.01  0.05  0.02]
13 [ 0.89 -0.57  0.42 -0.19 -0.04 -0.44] [ 0.01  0.06  0.4   0.38  0.02  0.12  0.01]
16 [ 0.89 -0.06  0.44  0.45 -0.1  -0.81] [ 0.    0.36  0.09  0.05  0.05  0.45  0.  ]
16 [ 0.88 -0.17  0.68  0.66 -0.33 -0.92] [ 0.    0.33  0.04  0.02  0.06  0.55  0.  ]
16 [ 0.88 -0.53  0.74  0.51 -0.3  -0.97] [ 0.    0.26  0.09  0.04  0.06  0.55  0.  ]
15 [ 0.08 -0.72  0.91  0.6  -0.95 -0.98] [ 0.    0.16  0.02  0.01  0.32  0.44  0.05]
13 [ 0.61 -0.82  0.83 -0.36 -0.14 -0.99] [ 0.    0.05  0.38  0.35  0.02  0.12  0.08]
16 [ 0.84 -0.68  0.57  0.49 -0.12 -0.95] [ 0.    0.28  0.14  0.07  0.06  0.46  0.  ]
16 [ 0.83 -0.17  0.64  0.58 -0.32 -0.99] [ 0.    0.32  0.05  0.02  0.06  0.55  0.  ]
15 [-0.08 -0.69  0.92  0.59 -0.95 -0.98] [ 0.    0.16  0.02  0.    0.39  0.35  0.08]
13 [ 0.51 -0.83  0.84 -0.48 -0.15 -0.99] [ 0.    0.03  0.37  0.36  0.02  0.09  0.13]
16 [ 0.82 -0.7   0.56  0.41 -0.11 -0.94] [ 0.    0.25  0.17  0.09  0.06  0.43  0.01]
15 [-0.11 -0.56  0.88  0.63 -0.96 -0.97] [ 0.    0.18  0.01  0.    0.41  0.34  0.06]
14 [-0.62 -0.86  0.94 -0.67 -0.93 -0.99] [ 0.    0.    0.01  0.    0.01  0.    0.98]
17 [-0.87 -0.07  0.96  0.63 -0.04 -0.96] [ 0.    0.41  0.    0.    0.53  0.03  0.03]
18 [-0.81 -0.96  0.84 -0.58 -0.55 -0.98] [ 0.    0.    0.01  0.    0.01  0.    0.98]
epoch: 4000
error: 0.0081
final: 0.0555
-----
state =  0 1 2 3 4 4 4 5 6 9 18
symbol= BTBTSSXSETE
label = 01012232616
true probabilities:
     B    T    S    X    P    V    E
1 [ 0.   0.5  0.   0.   0.5  0.   0. ]
2 [ 1.  0.  0.  0.  0.  0.  0.]
3 [ 0.   0.5  0.   0.   0.5  0.   0. ]
4 [ 0.   0.   0.5  0.5  0.   0.   0. ]
4 [ 0.   0.   0.5  0.5  0.   0.   0. ]
4 [ 0.   0.   0.5  0.5  0.   0.   0. ]
5 [ 0.   0.   0.5  0.5  0.   0.   0. ]
6 [ 0.  0.  0.  0.  0.  0.  1.]
9 [ 0.  1.  0.  0.  0.  0.  0.]
18 [ 0.  0.  0.  0.  0.  0.  1.]
hidden activations and output probabilities [BTSXPVE]:
1 [ 0.02  0.07  0.65  0.74  0.02  0.51] [ 0.01  0.45  0.01  0.01  0.5   0.03  0.  ]
2 [ 0.77  0.76  0.3  -0.36 -0.19  0.81] [ 0.98  0.    0.01  0.01  0.    0.    0.  ]
3 [ 0.02 -0.05  0.85  0.61 -0.08 -0.09] [ 0.    0.5   0.01  0.01  0.42  0.06  0.  ]
4 [ 0.93 -0.48  0.68 -0.44 -0.28  0.48] [ 0.02  0.01  0.41  0.51  0.01  0.03  0.01]
4 [ 0.61 -0.83  0.56 -0.77 -0.36  0.12] [ 0.    0.    0.43  0.48  0.01  0.01  0.07]
4 [ 0.55 -0.79  0.52 -0.85 -0.23  0.01] [ 0.    0.    0.41  0.49  0.    0.01  0.08]
5 [ 0.84 -0.71  0.4  -0.5  -0.03 -0.58] [ 0.    0.01  0.5   0.43  0.    0.04  0.02]
6 [-0.1  -0.81  0.57 -0.73 -0.56 -0.61] [ 0.    0.    0.09  0.07  0.01  0.01  0.82]
9 [-0.73 -0.05  0.95  0.74 -0.03 -0.88] [ 0.    0.44  0.    0.    0.52  0.03  0.01]
18 [-0.62 -0.96  0.79 -0.71 -0.6  -0.72] [ 0.    0.    0.01  0.01  0.01  0.    0.98]
epoch: 5000
error: 0.0015
final: 0.0833
-----
state =  0 1 10 11 12 13 14 17 18
symbol= BPBTXSEPE
label = 040132646
true probabilities:
     B    T    S    X    P    V    E
1 [ 0.   0.5  0.   0.   0.5  0.   0. ]
10 [ 1.  0.  0.  0.  0.  0.  0.]
11 [ 0.   0.5  0.   0.   0.5  0.   0. ]
12 [ 0.   0.   0.5  0.5  0.   0.   0. ]
13 [ 0.   0.   0.5  0.5  0.   0.   0. ]
14 [ 0.  0.  0.  0.  0.  0.  1.]
17 [ 0.  0.  0.  0.  1.  0.  0.]
18 [ 0.  0.  0.  0.  0.  0.  1.]
hidden activations and output probabilities [BTSXPVE]:
1 [ 0.02  0.08  0.67  0.75  0.06  0.54] [ 0.01  0.46  0.01  0.    0.5   0.02  0.  ]
10 [ 0.75  0.92 -0.11  0.41 -0.18  0.58] [ 0.98  0.01  0.    0.    0.    0.    0.  ]
11 [ 0.01  0.13  0.67  0.85 -0.26 -0.05] [ 0.    0.45  0.    0.    0.48  0.07  0.  ]
12 [ 0.91 -0.31  0.65 -0.51 -0.29  0.53] [ 0.04  0.01  0.42  0.5   0.01  0.02  0.  ]
13 [ 0.91 -0.58  0.49 -0.3  -0.03 -0.39] [ 0.    0.03  0.5   0.4   0.01  0.06  0.  ]
14 [-0.12 -0.79  0.6  -0.72 -0.7  -0.55] [ 0.    0.    0.07  0.05  0.01  0.01  0.87]
17 [-0.72 -0.04  0.96  0.74 -0.02 -0.86] [ 0.    0.45  0.    0.    0.52  0.02  0.01]
18 [-0.64 -0.92  0.8  -0.48 -0.54 -0.95] [ 0.    0.    0.01  0.01  0.01  0.    0.97]
epoch: 6000
error: 0.0015
final: 0.0615
-----
state =  0 1 2 3 8 8 7 6 9 18
symbol= BTBPTVVETE
label = 0104155616
true probabilities:
     B    T    S    X    P    V    E
1 [ 0.   0.5  0.   0.   0.5  0.   0. ]
2 [ 1.  0.  0.  0.  0.  0.  0.]
3 [ 0.   0.5  0.   0.   0.5  0.   0. ]
8 [ 0.   0.5  0.   0.   0.   0.5  0. ]
8 [ 0.   0.5  0.   0.   0.   0.5  0. ]
7 [ 0.   0.   0.   0.   0.5  0.5  0. ]
6 [ 0.  0.  0.  0.  0.  0.  1.]
9 [ 0.  1.  0.  0.  0.  0.  0.]
18 [ 0.  0.  0.  0.  0.  0.  1.]
hidden activations and output probabilities [BTSXPVE]:
1 [ 0.02  0.08  0.68  0.75  0.11  0.55] [ 0.01  0.51  0.01  0.    0.46  0.01  0.  ]
2 [ 0.78  0.79  0.24 -0.28 -0.22  0.84] [ 0.99  0.    0.    0.    0.    0.    0.  ]
3 [ 0.01 -0.11  0.84  0.64 -0.11 -0.06] [ 0.    0.47  0.01  0.01  0.46  0.05  0.  ]
8 [ 0.93  0.26  0.49  0.43 -0.24 -0.55] [ 0.    0.39  0.04  0.02  0.04  0.51  0.  ]
8 [ 0.94 -0.2   0.7   0.74 -0.18 -0.82] [ 0.    0.4   0.02  0.01  0.04  0.53  0.  ]
7 [ 0.22 -0.73  0.88  0.84 -0.98 -0.97] [ 0.    0.06  0.    0.    0.28  0.65  0.  ]
6 [-0.36 -0.93  0.89 -0.68 -0.94 -0.99] [ 0.    0.    0.01  0.    0.    0.    0.98]
9 [-0.8  -0.03  0.98  0.72 -0.01 -0.99] [ 0.    0.49  0.    0.    0.48  0.02  0.01]
18 [-0.76 -0.95  0.77 -0.73 -0.65 -0.99] [ 0.  0.  0.  0.  0.  0.  1.]
epoch: 7000
error: 0.0039
final: 0.0694
-----
state =  0 1 10 11 16 16 16 16 16 16 15 13 14 17 18
symbol= BPBPTTTTTVPSEPE
label = 040411111542646
true probabilities:
     B    T    S    X    P    V    E
1 [ 0.   0.5  0.   0.   0.5  0.   0. ]
10 [ 1.  0.  0.  0.  0.  0.  0.]
11 [ 0.   0.5  0.   0.   0.5  0.   0. ]
16 [ 0.   0.5  0.   0.   0.   0.5  0. ]
16 [ 0.   0.5  0.   0.   0.   0.5  0. ]
16 [ 0.   0.5  0.   0.   0.   0.5  0. ]
16 [ 0.   0.5  0.   0.   0.   0.5  0. ]
16 [ 0.   0.5  0.   0.   0.   0.5  0. ]
16 [ 0.   0.5  0.   0.   0.   0.5  0. ]
15 [ 0.   0.   0.   0.   0.5  0.5  0. ]
13 [ 0.   0.   0.5  0.5  0.   0.   0. ]
14 [ 0.  0.  0.  0.  0.  0.  1.]
17 [ 0.  0.  0.  0.  1.  0.  0.]
18 [ 0.  0.  0.  0.  0.  0.  1.]
hidden activations and output probabilities [BTSXPVE]:
1 [ 0.02  0.08  0.69  0.75  0.14  0.57] [ 0.    0.51  0.    0.    0.47  0.01  0.  ]
10 [ 0.75  0.93 -0.16  0.47 -0.18  0.6 ] [ 0.99  0.01  0.    0.    0.    0.    0.  ]
11 [ 0.    0.23  0.65  0.91 -0.27  0.08] [ 0.    0.45  0.    0.    0.5   0.05  0.  ]
16 [ 0.9   0.56  0.39  0.72 -0.22 -0.5 ] [ 0.01  0.56  0.01  0.    0.03  0.39  0.  ]
16 [ 0.92  0.02  0.66  0.83 -0.22 -0.82] [ 0.    0.44  0.01  0.    0.04  0.52  0.  ]
16 [ 0.93  0.22  0.68  0.71 -0.24 -0.94] [ 0.    0.43  0.01  0.    0.02  0.53  0.  ]
16 [ 0.92 -0.1   0.73  0.73 -0.23 -0.98] [ 0.    0.36  0.01  0.    0.03  0.59  0.  ]
16 [ 0.91  0.18  0.69  0.66 -0.23 -0.99] [ 0.    0.41  0.01  0.    0.02  0.55  0.  ]
16 [ 0.9  -0.08  0.73  0.72 -0.23 -1.  ] [ 0.    0.36  0.01  0.01  0.03  0.59  0.  ]
15 [ 0.04 -0.74  0.87  0.81 -0.98 -1.  ] [ 0.    0.05  0.    0.    0.41  0.53  0.01]
13 [ 0.69 -0.86  0.68 -0.59 -0.07 -1.  ] [ 0.    0.01  0.57  0.38  0.    0.03  0.01]
14 [-0.48 -0.77  0.57 -0.79 -0.77 -0.96] [ 0.    0.    0.    0.    0.    0.    0.99]
17 [-0.84 -0.01  0.98  0.74 -0.02 -0.98] [ 0.    0.47  0.    0.    0.5   0.01  0.01]
18 [-0.8  -0.95  0.73 -0.55 -0.57 -1.  ] [ 0.    0.    0.    0.    0.    0.    0.99]
epoch: 8000
error: 0.0021
final: 0.0675
-----
state =  0 1 10 11 16 15 14 17 18
symbol= BPBPVVEPE
label = 040455646
true probabilities:
     B    T    S    X    P    V    E
1 [ 0.   0.5  0.   0.   0.5  0.   0. ]
10 [ 1.  0.  0.  0.  0.  0.  0.]
11 [ 0.   0.5  0.   0.   0.5  0.   0. ]
16 [ 0.   0.5  0.   0.   0.   0.5  0. ]
15 [ 0.   0.   0.   0.   0.5  0.5  0. ]
14 [ 0.  0.  0.  0.  0.  0.  1.]
17 [ 0.  0.  0.  0.  1.  0.  0.]
18 [ 0.  0.  0.  0.  0.  0.  1.]
hidden activations and output probabilities [BTSXPVE]:
1 [ 0.01  0.07  0.69  0.75  0.13  0.59] [ 0.    0.48  0.    0.    0.5   0.01  0.  ]
10 [ 0.77  0.93 -0.17  0.46 -0.18  0.6 ] [ 0.99  0.01  0.    0.    0.    0.    0.  ]
11 [ 0.    0.29  0.65  0.92 -0.24  0.03] [ 0.    0.49  0.    0.    0.46  0.05  0.  ]
16 [ 0.91  0.57  0.36  0.75 -0.22 -0.59] [ 0.    0.54  0.    0.    0.02  0.43  0.  ]
15 [ 0.06 -0.65  0.76  0.92 -0.97 -0.91] [ 0.    0.05  0.    0.    0.43  0.52  0.  ]
14 [-0.46 -0.92  0.81 -0.72 -0.96 -0.98] [ 0.    0.    0.    0.    0.    0.    0.99]
17 [-0.84 -0.02  0.98  0.72 -0.01 -0.99] [ 0.    0.46  0.    0.    0.52  0.01  0.01]
18 [-0.81 -0.96  0.68 -0.57 -0.57 -1.  ] [ 0.  0.  0.  0.  0.  0.  1.]
epoch: 9000
error: 0.0009
final: 0.0636
-----
state =  0 1 2 3 4 4 5 8 8 8 8 7 6 9 18
symbol= BTBTSXXTTTVVETE
label = 010123311155616
true probabilities:
     B    T    S    X    P    V    E
1 [ 0.   0.5  0.   0.   0.5  0.   0. ]
2 [ 1.  0.  0.  0.  0.  0.  0.]
3 [ 0.   0.5  0.   0.   0.5  0.   0. ]
4 [ 0.   0.   0.5  0.5  0.   0.   0. ]
4 [ 0.   0.   0.5  0.5  0.   0.   0. ]
5 [ 0.   0.   0.5  0.5  0.   0.   0. ]
8 [ 0.   0.5  0.   0.   0.   0.5  0. ]
8 [ 0.   0.5  0.   0.   0.   0.5  0. ]
8 [ 0.   0.5  0.   0.   0.   0.5  0. ]
8 [ 0.   0.5  0.   0.   0.   0.5  0. ]
7 [ 0.   0.   0.   0.   0.5  0.5  0. ]
6 [ 0.  0.  0.  0.  0.  0.  1.]
9 [ 0.  1.  0.  0.  0.  0.  0.]
18 [ 0.  0.  0.  0.  0.  0.  1.]
hidden activations and output probabilities [BTSXPVE]:
1 [ 0.01  0.08  0.7   0.75  0.16  0.59] [ 0.    0.53  0.    0.    0.45  0.01  0.  ]
2 [ 0.79  0.8   0.19 -0.31 -0.2   0.86] [ 0.99  0.    0.    0.    0.    0.    0.  ]
3 [ 0.01 -0.08  0.82  0.64 -0.07 -0.04] [ 0.    0.49  0.01  0.    0.47  0.03  0.  ]
4 [ 0.94 -0.38  0.59 -0.59 -0.26  0.59] [ 0.    0.    0.47  0.51  0.    0.01  0.  ]
4 [ 0.61 -0.82  0.65 -0.83 -0.42  0.35] [ 0.    0.    0.49  0.5   0.    0.    0.01]
5 [ 0.88 -0.81  0.45 -0.5  -0.02 -0.6 ] [ 0.    0.    0.6   0.38  0.    0.02  0.  ]
8 [ 0.93  0.49  0.32  0.45 -0.09 -0.9 ] [ 0.    0.5   0.01  0.01  0.01  0.47  0.  ]
8 [ 0.89  0.4   0.54  0.79 -0.22 -0.97] [ 0.    0.48  0.    0.    0.01  0.51  0.  ]
8 [ 0.88  0.08  0.57  0.74 -0.21 -0.99] [ 0.    0.39  0.01  0.    0.02  0.58  0.  ]
8 [ 0.87  0.31  0.54  0.65 -0.21 -1.  ] [ 0.    0.44  0.01  0.    0.01  0.54  0.  ]
7 [-0.1  -0.71  0.78  0.84 -0.99 -0.99] [ 0.    0.04  0.    0.    0.54  0.41  0.01]
6 [-0.56 -0.93  0.79 -0.75 -0.96 -1.  ] [ 0.  0.  0.  0.  0.  0.  1.]
9 [-0.86 -0.01  0.98  0.71 -0.01 -0.99] [ 0.    0.5   0.    0.    0.48  0.01  0.01]
18 [-0.83 -0.94  0.66 -0.75 -0.63 -1.  ] [ 0.  0.  0.  0.  0.  0.  1.]
epoch: 10000
error: 0.0010
final: 0.0682
-----
state =  0 1 2 3 8 7 6 9 18
symbol= BTBPVVETE
label = 010455616
true probabilities:
     B    T    S    X    P    V    E
1 [ 0.   0.5  0.   0.   0.5  0.   0. ]
2 [ 1.  0.  0.  0.  0.  0.  0.]
3 [ 0.   0.5  0.   0.   0.5  0.   0. ]
8 [ 0.   0.5  0.   0.   0.   0.5  0. ]
7 [ 0.   0.   0.   0.   0.5  0.5  0. ]
6 [ 0.  0.  0.  0.  0.  0.  1.]
9 [ 0.  1.  0.  0.  0.  0.  0.]
18 [ 0.  0.  0.  0.  0.  0.  1.]
hidden activations and output probabilities [BTSXPVE]:
1 [ 0.01  0.07  0.7   0.75  0.15  0.6 ] [ 0.    0.49  0.    0.    0.49  0.01  0.  ]
2 [ 0.79  0.8   0.17 -0.32 -0.19  0.87] [ 1.  0.  0.  0.  0.  0.  0.]
3 [ 0.01 -0.05  0.81  0.64 -0.06  0.  ] [ 0.    0.47  0.01  0.    0.49  0.03  0.  ]
8 [ 0.94  0.44  0.3   0.59 -0.22 -0.56] [ 0.    0.43  0.01  0.01  0.02  0.54  0.  ]
7 [ 0.11 -0.69  0.65  0.88 -0.96 -0.9 ] [ 0.    0.03  0.    0.    0.38  0.58  0.  ]
6 [-0.41 -0.92  0.71 -0.74 -0.96 -0.98] [ 0.  0.  0.  0.  0.  0.  1.]
9 [-0.83 -0.01  0.97  0.74 -0.01 -0.99] [ 0.    0.48  0.    0.    0.5   0.01  0.  ]
18 [-0.81 -0.94  0.62 -0.75 -0.62 -0.98] [ 0.  0.  0.  0.  0.  0.  1.]
epoch: 11000
error: 0.0015
final: 0.0745
-----
state =  0 1 2 3 4 4 4 4 5 6 9 18
symbol= BTBTSSSXSETE
label = 010122232616
true probabilities:
     B    T    S    X    P    V    E
1 [ 0.   0.5  0.   0.   0.5  0.   0. ]
2 [ 1.  0.  0.  0.  0.  0.  0.]
3 [ 0.   0.5  0.   0.   0.5  0.   0. ]
4 [ 0.   0.   0.5  0.5  0.   0.   0. ]
4 [ 0.   0.   0.5  0.5  0.   0.   0. ]
4 [ 0.   0.   0.5  0.5  0.   0.   0. ]
4 [ 0.   0.   0.5  0.5  0.   0.   0. ]
5 [ 0.   0.   0.5  0.5  0.   0.   0. ]
6 [ 0.  0.  0.  0.  0.  0.  1.]
9 [ 0.  1.  0.  0.  0.  0.  0.]
18 [ 0.  0.  0.  0.  0.  0.  1.]
hidden activations and output probabilities [BTSXPVE]:
1 [ 0.01  0.07  0.7   0.75  0.16  0.61] [ 0.    0.48  0.    0.    0.5   0.01  0.  ]
2 [ 0.79  0.78  0.13 -0.35 -0.18  0.88] [ 1.  0.  0.  0.  0.  0.  0.]
3 [ 0.   -0.03  0.79  0.63 -0.04  0.06] [ 0.    0.47  0.01  0.    0.5   0.02  0.  ]
4 [ 0.94 -0.27  0.53 -0.6  -0.24  0.68] [ 0.    0.    0.41  0.57  0.    0.    0.  ]
4 [ 0.62 -0.79  0.64 -0.84 -0.39  0.43] [ 0.    0.    0.43  0.56  0.    0.    0.  ]
4 [ 0.62 -0.8   0.65 -0.88 -0.31  0.42] [ 0.    0.    0.43  0.57  0.    0.    0.  ]
4 [ 0.59 -0.8   0.65 -0.91 -0.28  0.41] [ 0.    0.    0.43  0.57  0.    0.    0.  ]
5 [ 0.87 -0.9   0.45 -0.68 -0.03 -0.6 ] [ 0.    0.    0.58  0.42  0.    0.    0.  ]
6 [-0.36 -0.78  0.41 -0.85 -0.67 -0.73] [ 0.    0.    0.01  0.    0.    0.    0.99]
9 [-0.8  -0.01  0.97  0.75 -0.01 -0.92] [ 0.    0.47  0.    0.    0.52  0.01  0.  ]
18 [-0.77 -0.94  0.61 -0.75 -0.58 -0.72] [ 0.  0.  0.  0.  0.  0.  1.]
epoch: 12000
error: 0.0013
final: 0.0789
-----
state =  0 1 2 3 8 8 8 8 7 6 9 18
symbol= BTBPTTTVVETE
label = 010411155616
true probabilities:
     B    T    S    X    P    V    E
1 [ 0.   0.5  0.   0.   0.5  0.   0. ]
2 [ 1.  0.  0.  0.  0.  0.  0.]
3 [ 0.   0.5  0.   0.   0.5  0.   0. ]
8 [ 0.   0.5  0.   0.   0.   0.5  0. ]
8 [ 0.   0.5  0.   0.   0.   0.5  0. ]
8 [ 0.   0.5  0.   0.   0.   0.5  0. ]
8 [ 0.   0.5  0.   0.   0.   0.5  0. ]
7 [ 0.   0.   0.   0.   0.5  0.5  0. ]
6 [ 0.  0.  0.  0.  0.  0.  1.]
9 [ 0.  1.  0.  0.  0.  0.  0.]
18 [ 0.  0.  0.  0.  0.  0.  1.]
hidden activations and output probabilities [BTSXPVE]:
1 [ 0.01  0.07  0.71  0.75  0.17  0.62] [ 0.    0.49  0.    0.    0.5   0.    0.  ]
2 [ 0.8   0.79  0.17 -0.32 -0.19  0.88] [ 1.  0.  0.  0.  0.  0.  0.]
3 [ 0.01 -0.05  0.81  0.65 -0.04  0.06] [ 0.    0.46  0.    0.    0.51  0.02  0.  ]
8 [ 0.94  0.43  0.22  0.62 -0.23 -0.51] [ 0.    0.41  0.01  0.    0.02  0.55  0.  ]
8 [ 0.94  0.4   0.36  0.78 -0.13 -0.8 ] [ 0.    0.52  0.    0.    0.01  0.46  0.  ]
8 [ 0.94  0.56  0.37  0.79 -0.2  -0.94] [ 0.    0.47  0.    0.    0.01  0.52  0.  ]
8 [ 0.93  0.33  0.39  0.79 -0.18 -0.98] [ 0.    0.41  0.    0.    0.01  0.58  0.  ]
7 [ 0.14 -0.71  0.59  0.88 -0.99 -0.99] [ 0.    0.02  0.    0.    0.3   0.68  0.  ]
6 [-0.39 -0.92  0.66 -0.74 -0.97 -1.  ] [ 0.  0.  0.  0.  0.  0.  1.]
9 [-0.82 -0.01  0.98  0.74 -0.01 -0.99] [ 0.    0.5   0.    0.    0.49  0.01  0.  ]
18 [-0.78 -0.94  0.59 -0.75 -0.62 -1.  ] [ 0.  0.  0.  0.  0.  0.  1.]
epoch: 13000
error: 0.0024
final: 0.0699
-----
state =  0 1 10 11 16 16 16 16 15 14 17 18
symbol= BPBPTTTVVEPE
label = 040411155646
true probabilities:
     B    T    S    X    P    V    E
1 [ 0.   0.5  0.   0.   0.5  0.   0. ]
10 [ 1.  0.  0.  0.  0.  0.  0.]
11 [ 0.   0.5  0.   0.   0.5  0.   0. ]
16 [ 0.   0.5  0.   0.   0.   0.5  0. ]
16 [ 0.   0.5  0.   0.   0.   0.5  0. ]
16 [ 0.   0.5  0.   0.   0.   0.5  0. ]
16 [ 0.   0.5  0.   0.   0.   0.5  0. ]
15 [ 0.   0.   0.   0.   0.5  0.5  0. ]
14 [ 0.  0.  0.  0.  0.  0.  1.]
17 [ 0.  0.  0.  0.  1.  0.  0.]
18 [ 0.  0.  0.  0.  0.  0.  1.]
hidden activations and output probabilities [BTSXPVE]:
1 [ 0.01  0.07  0.71  0.75  0.17  0.62] [ 0.    0.48  0.    0.    0.51  0.    0.  ]
10 [ 0.78  0.92 -0.13  0.44 -0.2   0.61] [ 1.  0.  0.  0.  0.  0.  0.]
11 [ 0.    0.17  0.68  0.91 -0.2   0.08] [ 0.    0.44  0.    0.    0.54  0.03  0.  ]
16 [ 0.92  0.48  0.16  0.74 -0.23 -0.56] [ 0.    0.4   0.    0.    0.02  0.57  0.  ]
16 [ 0.92  0.46  0.28  0.78 -0.15 -0.83] [ 0.    0.47  0.    0.    0.01  0.51  0.  ]
16 [ 0.92  0.56  0.29  0.78 -0.2  -0.95] [ 0.    0.42  0.    0.    0.01  0.57  0.  ]
16 [ 0.92  0.4   0.3   0.77 -0.19 -0.99] [ 0.    0.38  0.    0.    0.01  0.61  0.  ]
15 [ 0.05 -0.71  0.52  0.88 -0.99 -0.99] [ 0.    0.02  0.    0.    0.35  0.63  0.  ]
14 [-0.48 -0.92  0.62 -0.75 -0.97 -1.  ] [ 0.  0.  0.  0.  0.  0.  1.]
17 [-0.85 -0.01  0.98  0.73 -0.01 -0.99] [ 0.    0.48  0.    0.    0.51  0.01  0.  ]
18 [-0.82 -0.95  0.59 -0.61 -0.6  -1.  ] [ 0.  0.  0.  0.  0.  0.  1.]
epoch: 14000
error: 0.0024
final: 0.0666
-----
state =  0 1 10 11 16 15 14 17 18
symbol= BPBPVVEPE
label = 040455646
true probabilities:
     B    T    S    X    P    V    E
1 [ 0.   0.5  0.   0.   0.5  0.   0. ]
10 [ 1.  0.  0.  0.  0.  0.  0.]
11 [ 0.   0.5  0.   0.   0.5  0.   0. ]
16 [ 0.   0.5  0.   0.   0.   0.5  0. ]
15 [ 0.   0.   0.   0.   0.5  0.5  0. ]
14 [ 0.  0.  0.  0.  0.  0.  1.]
17 [ 0.  0.  0.  0.  1.  0.  0.]
18 [ 0.  0.  0.  0.  0.  0.  1.]
hidden activations and output probabilities [BTSXPVE]:
1 [ 0.01  0.07  0.71  0.75  0.19  0.62] [ 0.    0.51  0.    0.    0.48  0.    0.  ]
10 [ 0.77  0.92 -0.13  0.43 -0.19  0.6 ] [ 1.  0.  0.  0.  0.  0.  0.]
11 [ 0.    0.18  0.68  0.92 -0.18  0.08] [ 0.    0.46  0.    0.    0.51  0.02  0.  ]
16 [ 0.91  0.52  0.13  0.78 -0.23 -0.58] [ 0.    0.43  0.    0.    0.01  0.55  0.  ]
15 [ 0.02 -0.69  0.44  0.93 -0.97 -0.91] [ 0.    0.02  0.    0.    0.45  0.53  0.  ]
14 [-0.48 -0.92  0.58 -0.75 -0.97 -0.98] [ 0.  0.  0.  0.  0.  0.  1.]
17 [-0.85 -0.01  0.97  0.73 -0.01 -0.99] [ 0.    0.5   0.    0.    0.5   0.01  0.  ]
18 [-0.82 -0.95  0.57 -0.59 -0.59 -1.  ] [ 0.  0.  0.  0.  0.  0.  1.]
epoch: 15000
error: 0.0007
final: 0.0713
-----
state =  0 1 10 11 16 15 13 16 16 16 16 15 14 17 18
symbol= BPBPVPXTTTVVEPE
label = 040454311155646
true probabilities:
     B    T    S    X    P    V    E
1 [ 0.   0.5  0.   0.   0.5  0.   0. ]
10 [ 1.  0.  0.  0.  0.  0.  0.]
11 [ 0.   0.5  0.   0.   0.5  0.   0. ]
16 [ 0.   0.5  0.   0.   0.   0.5  0. ]
15 [ 0.   0.   0.   0.   0.5  0.5  0. ]
13 [ 0.   0.   0.5  0.5  0.   0.   0. ]
16 [ 0.   0.5  0.   0.   0.   0.5  0. ]
16 [ 0.   0.5  0.   0.   0.   0.5  0. ]
16 [ 0.   0.5  0.   0.   0.   0.5  0. ]
16 [ 0.   0.5  0.   0.   0.   0.5  0. ]
15 [ 0.   0.   0.   0.   0.5  0.5  0. ]
14 [ 0.  0.  0.  0.  0.  0.  1.]
17 [ 0.  0.  0.  0.  1.  0.  0.]
18 [ 0.  0.  0.  0.  0.  0.  1.]
hidden activations and output probabilities [BTSXPVE]:
1 [ 0.01  0.07  0.71  0.75  0.19  0.62] [ 0.    0.52  0.    0.    0.47  0.    0.  ]
10 [ 0.78  0.92 -0.13  0.43 -0.19  0.54] [ 1.  0.  0.  0.  0.  0.  0.]
11 [ 0.    0.26  0.68  0.91 -0.17 -0.07] [ 0.    0.58  0.    0.    0.39  0.03  0.  ]
16 [ 0.91  0.6   0.24  0.8  -0.24 -0.73] [ 0.    0.45  0.    0.    0.01  0.54  0.  ]
15 [ 0.01 -0.7   0.48  0.92 -0.97 -0.94] [ 0.    0.02  0.    0.    0.49  0.49  0.  ]
13 [ 0.69 -0.78  0.41 -0.7  -0.06 -0.99] [ 0.    0.    0.6   0.39  0.    0.01  0.  ]
16 [ 0.9   0.43  0.19  0.56 -0.11 -0.99] [ 0.    0.41  0.01  0.    0.01  0.58  0.  ]
16 [ 0.86  0.65  0.25  0.75 -0.19 -0.99] [ 0.    0.47  0.    0.    0.01  0.52  0.  ]
16 [ 0.85  0.44  0.28  0.76 -0.18 -1.  ] [ 0.    0.43  0.    0.    0.01  0.56  0.  ]
16 [ 0.86  0.53  0.27  0.7  -0.19 -1.  ] [ 0.    0.43  0.    0.    0.01  0.56  0.  ]
15 [-0.07 -0.71  0.52  0.86 -0.99 -0.99] [ 0.    0.02  0.    0.    0.54  0.45  0.  ]
14 [-0.6  -0.92  0.65 -0.75 -0.97 -1.  ] [ 0.  0.  0.  0.  0.  0.  1.]
17 [-0.88 -0.01  0.98  0.7  -0.01 -0.99] [ 0.    0.49  0.    0.    0.5   0.01  0.  ]
18 [-0.85 -0.95  0.62 -0.63 -0.59 -1.  ] [ 0.  0.  0.  0.  0.  0.  1.]
epoch: 16000
error: 0.0013
final: 0.0695
-----
state =  0 1 10 11 16 15 14 17 18
symbol= BPBPVVEPE
label = 040455646
true probabilities:
     B    T    S    X    P    V    E
1 [ 0.   0.5  0.   0.   0.5  0.   0. ]
10 [ 1.  0.  0.  0.  0.  0.  0.]
11 [ 0.   0.5  0.   0.   0.5  0.   0. ]
16 [ 0.   0.5  0.   0.   0.   0.5  0. ]
15 [ 0.   0.   0.   0.   0.5  0.5  0. ]
14 [ 0.  0.  0.  0.  0.  0.  1.]
17 [ 0.  0.  0.  0.  1.  0.  0.]
18 [ 0.  0.  0.  0.  0.  0.  1.]
hidden activations and output probabilities [BTSXPVE]:
1 [ 0.01  0.07  0.71  0.75  0.18  0.63] [ 0.    0.48  0.    0.    0.51  0.    0.  ]
10 [ 0.78  0.92 -0.11  0.4  -0.2   0.58] [ 1.  0.  0.  0.  0.  0.  0.]
11 [ 0.    0.18  0.69  0.91 -0.17  0.06] [ 0.    0.46  0.    0.    0.52  0.02  0.  ]
16 [ 0.91  0.55  0.15  0.77 -0.23 -0.61] [ 0.    0.43  0.    0.    0.01  0.55  0.  ]
15 [ 0.03 -0.7   0.43  0.92 -0.97 -0.92] [ 0.    0.01  0.    0.    0.45  0.53  0.  ]
14 [-0.44 -0.92  0.57 -0.75 -0.97 -0.98] [ 0.  0.  0.  0.  0.  0.  1.]
17 [-0.84 -0.01  0.96  0.72 -0.01 -0.99] [ 0.    0.48  0.    0.    0.52  0.01  0.  ]
18 [-0.81 -0.94  0.59 -0.61 -0.59 -1.  ] [ 0.  0.  0.  0.  0.  0.  1.]
epoch: 17000
error: 0.0007
final: 0.0662
-----
state =  0 1 2 3 8 8 7 6 9 18
symbol= BTBPTVVETE
label = 0104155616
true probabilities:
     B    T    S    X    P    V    E
1 [ 0.   0.5  0.   0.   0.5  0.   0. ]
2 [ 1.  0.  0.  0.  0.  0.  0.]
3 [ 0.   0.5  0.   0.   0.5  0.   0. ]
8 [ 0.   0.5  0.   0.   0.   0.5  0. ]
8 [ 0.   0.5  0.   0.   0.   0.5  0. ]
7 [ 0.   0.   0.   0.   0.5  0.5  0. ]
6 [ 0.  0.  0.  0.  0.  0.  1.]
9 [ 0.  1.  0.  0.  0.  0.  0.]
18 [ 0.  0.  0.  0.  0.  0.  1.]
hidden activations and output probabilities [BTSXPVE]:
1 [ 0.01  0.06  0.71  0.75  0.18  0.63] [ 0.    0.47  0.    0.    0.53  0.    0.  ]
2 [ 0.82  0.77  0.19 -0.37 -0.18  0.88] [ 1.  0.  0.  0.  0.  0.  0.]
3 [ 0.   -0.03  0.82  0.63 -0.03  0.04] [ 0.    0.46  0.    0.    0.52  0.01  0.  ]
8 [ 0.94  0.45  0.22  0.65 -0.23 -0.58] [ 0.    0.38  0.    0.    0.01  0.6   0.  ]
8 [ 0.93  0.45  0.24  0.76 -0.12 -0.86] [ 0.    0.48  0.    0.    0.01  0.51  0.  ]
7 [ 0.09 -0.71  0.44  0.89 -0.99 -0.97] [ 0.    0.01  0.    0.    0.36  0.63  0.  ]
6 [-0.38 -0.92  0.56 -0.75 -0.97 -0.99] [ 0.  0.  0.  0.  0.  0.  1.]
9 [-0.82 -0.01  0.97  0.73 -0.01 -0.99] [ 0.    0.47  0.    0.    0.52  0.01  0.  ]
18 [-0.78 -0.93  0.53 -0.76 -0.61 -0.99] [ 0.  0.  0.  0.  0.  0.  1.]
epoch: 18000
error: 0.0023
final: 0.0785
-----
state =  0 1 10 11 12 12 12 12 13 16 16 15 13 14 17 18
symbol= BPBTSSSXXTVPSEPE
label = 0401222331542646
true probabilities:
     B    T    S    X    P    V    E
1 [ 0.   0.5  0.   0.   0.5  0.   0. ]
10 [ 1.  0.  0.  0.  0.  0.  0.]
11 [ 0.   0.5  0.   0.   0.5  0.   0. ]
12 [ 0.   0.   0.5  0.5  0.   0.   0. ]
12 [ 0.   0.   0.5  0.5  0.   0.   0. ]
12 [ 0.   0.   0.5  0.5  0.   0.   0. ]
12 [ 0.   0.   0.5  0.5  0.   0.   0. ]
13 [ 0.   0.   0.5  0.5  0.   0.   0. ]
16 [ 0.   0.5  0.   0.   0.   0.5  0. ]
16 [ 0.   0.5  0.   0.   0.   0.5  0. ]
15 [ 0.   0.   0.   0.   0.5  0.5  0. ]
13 [ 0.   0.   0.5  0.5  0.   0.   0. ]
14 [ 0.  0.  0.  0.  0.  0.  1.]
17 [ 0.  0.  0.  0.  1.  0.  0.]
18 [ 0.  0.  0.  0.  0.  0.  1.]
hidden activations and output probabilities [BTSXPVE]:
1 [ 0.01  0.06  0.71  0.75  0.18  0.63] [ 0.    0.47  0.    0.    0.52  0.    0.  ]
10 [ 0.78  0.92 -0.1   0.44 -0.2   0.58] [ 1.  0.  0.  0.  0.  0.  0.]
11 [ 0.    0.2   0.7   0.91 -0.17  0.05] [ 0.    0.47  0.    0.    0.51  0.02  0.  ]
12 [ 0.93 -0.21  0.49 -0.63 -0.24  0.61] [ 0.    0.    0.44  0.55  0.    0.    0.  ]
12 [ 0.66 -0.74  0.58 -0.86 -0.43  0.37] [ 0.    0.    0.47  0.53  0.    0.    0.  ]
12 [ 0.69 -0.78  0.61 -0.89 -0.33  0.32] [ 0.    0.    0.47  0.53  0.    0.    0.  ]
12 [ 0.65 -0.79  0.59 -0.91 -0.35  0.3 ] [ 0.    0.    0.47  0.53  0.    0.    0.  ]
13 [ 0.89 -0.91  0.41 -0.6  -0.03 -0.66] [ 0.    0.    0.61  0.39  0.    0.    0.  ]
16 [ 0.94  0.49  0.17  0.49 -0.08 -0.91] [ 0.    0.45  0.01  0.    0.    0.53  0.  ]
16 [ 0.89  0.68  0.22  0.77 -0.17 -0.97] [ 0.   0.5  0.   0.   0.   0.5  0. ]
15 [-0.01 -0.71  0.46  0.9  -0.99 -0.99] [ 0.    0.01  0.    0.    0.47  0.52  0.  ]
13 [ 0.66 -0.79  0.41 -0.71 -0.05 -1.  ] [ 0.    0.    0.6   0.39  0.    0.01  0.  ]
14 [-0.51 -0.51  0.3  -0.82 -0.78 -0.99] [ 0.  0.  0.  0.  0.  0.  1.]
17 [-0.85 -0.01  0.97  0.75 -0.01 -0.98] [ 0.    0.46  0.    0.    0.54  0.    0.  ]
18 [-0.84 -0.82  0.61 -0.61 -0.58 -1.  ] [ 0.  0.  0.  0.  0.  0.  1.]
epoch: 19000
error: 0.0009
final: 0.0606
-----
state =  0 1 10 11 16 15 14 17 18
symbol= BPBPVVEPE
label = 040455646
true probabilities:
     B    T    S    X    P    V    E
1 [ 0.   0.5  0.   0.   0.5  0.   0. ]
10 [ 1.  0.  0.  0.  0.  0.  0.]
11 [ 0.   0.5  0.   0.   0.5  0.   0. ]
16 [ 0.   0.5  0.   0.   0.   0.5  0. ]
15 [ 0.   0.   0.   0.   0.5  0.5  0. ]
14 [ 0.  0.  0.  0.  0.  0.  1.]
17 [ 0.  0.  0.  0.  1.  0.  0.]
18 [ 0.  0.  0.  0.  0.  0.  1.]
hidden activations and output probabilities [BTSXPVE]:
1 [ 0.01  0.06  0.71  0.75  0.2   0.64] [ 0.    0.5   0.    0.    0.49  0.    0.  ]
10 [ 0.77  0.92 -0.12  0.42 -0.19  0.62] [ 1.  0.  0.  0.  0.  0.  0.]
11 [ 0.    0.19  0.69  0.92 -0.15  0.17] [ 0.    0.45  0.    0.    0.54  0.01  0.  ]
16 [ 0.91  0.6   0.09  0.81 -0.22 -0.49] [ 0.    0.48  0.    0.    0.01  0.5   0.  ]
15 [ 0.02 -0.69  0.38  0.95 -0.97 -0.89] [ 0.    0.01  0.    0.    0.49  0.5   0.  ]
14 [-0.43 -0.91  0.55 -0.75 -0.97 -0.98] [ 0.  0.  0.  0.  0.  0.  1.]
17 [-0.83 -0.01  0.96  0.71 -0.01 -0.99] [ 0.    0.49  0.    0.    0.5   0.    0.  ]
18 [-0.81 -0.93  0.57 -0.59 -0.57 -1.  ] [ 0.  0.  0.  0.  0.  0.  1.]
epoch: 20000
error: 0.0003
final: 0.0693
-----
state =  0 1 10 11 12 12 13 14 17 18
symbol= BPBTSXSEPE
label = 0401232646
true probabilities:
     B    T    S    X    P    V    E
1 [ 0.   0.5  0.   0.   0.5  0.   0. ]
10 [ 1.  0.  0.  0.  0.  0.  0.]
11 [ 0.   0.5  0.   0.   0.5  0.   0. ]
12 [ 0.   0.   0.5  0.5  0.   0.   0. ]
12 [ 0.   0.   0.5  0.5  0.   0.   0. ]
13 [ 0.   0.   0.5  0.5  0.   0.   0. ]
14 [ 0.  0.  0.  0.  0.  0.  1.]
17 [ 0.  0.  0.  0.  1.  0.  0.]
18 [ 0.  0.  0.  0.  0.  0.  1.]
hidden activations and output probabilities [BTSXPVE]:
1 [ 0.01  0.06  0.71  0.75  0.19  0.63] [ 0.    0.48  0.    0.    0.51  0.    0.  ]
10 [ 0.78  0.92 -0.13  0.41 -0.21  0.58] [ 1.  0.  0.  0.  0.  0.  0.]
11 [ 0.    0.14  0.68  0.92 -0.16  0.04] [ 0.    0.45  0.    0.    0.53  0.02  0.  ]
12 [ 0.94 -0.24  0.44 -0.63 -0.26  0.61] [ 0.    0.    0.47  0.52  0.    0.    0.  ]
12 [ 0.69 -0.74  0.58 -0.87 -0.42  0.39] [ 0.    0.    0.47  0.52  0.    0.    0.  ]
13 [ 0.91 -0.84  0.4  -0.56 -0.02 -0.62] [ 0.    0.    0.59  0.4   0.    0.01  0.  ]
14 [-0.26 -0.53  0.3  -0.84 -0.73 -0.76] [ 0.  0.  0.  0.  0.  0.  1.]
17 [-0.75 -0.01  0.96  0.75 -0.01 -0.92] [ 0.    0.48  0.    0.    0.51  0.    0.  ]
18 [-0.69 -0.74  0.56 -0.57 -0.55 -0.99] [ 0.  0.  0.  0.  0.  0.  1.]
epoch: 21000
error: 0.0009
final: 0.0677
-----
state =  0 1 2 3 4 4 4 4 5 6 9 18
symbol= BTBTSSSXSETE
label = 010122232616
true probabilities:
     B    T    S    X    P    V    E
1 [ 0.   0.5  0.   0.   0.5  0.   0. ]
2 [ 1.  0.  0.  0.  0.  0.  0.]
3 [ 0.   0.5  0.   0.   0.5  0.   0. ]
4 [ 0.   0.   0.5  0.5  0.   0.   0. ]
4 [ 0.   0.   0.5  0.5  0.   0.   0. ]
4 [ 0.   0.   0.5  0.5  0.   0.   0. ]
4 [ 0.   0.   0.5  0.5  0.   0.   0. ]
5 [ 0.   0.   0.5  0.5  0.   0.   0. ]
6 [ 0.  0.  0.  0.  0.  0.  1.]
9 [ 0.  1.  0.  0.  0.  0.  0.]
18 [ 0.  0.  0.  0.  0.  0.  1.]
hidden activations and output probabilities [BTSXPVE]:
1 [ 0.01  0.06  0.71  0.75  0.2   0.63] [ 0.    0.51  0.    0.    0.48  0.    0.  ]
2 [ 0.82  0.77  0.25 -0.35 -0.19  0.88] [ 1.  0.  0.  0.  0.  0.  0.]
3 [ 0.01 -0.03  0.85  0.64 -0.02  0.02] [ 0.    0.49  0.    0.    0.49  0.01  0.  ]
4 [ 0.96 -0.38  0.5  -0.66 -0.25  0.61] [ 0.    0.    0.45  0.54  0.    0.    0.  ]
4 [ 0.73 -0.77  0.59 -0.88 -0.38  0.42] [ 0.    0.    0.45  0.55  0.    0.    0.  ]
4 [ 0.74 -0.78  0.63 -0.92 -0.3   0.37] [ 0.    0.    0.45  0.55  0.    0.    0.  ]
4 [ 0.72 -0.79  0.62 -0.94 -0.3   0.33] [ 0.    0.    0.45  0.55  0.    0.    0.  ]
5 [ 0.91 -0.9   0.45 -0.69 -0.02 -0.63] [ 0.    0.    0.57  0.43  0.    0.    0.  ]
6 [-0.08 -0.57  0.32 -0.86 -0.69 -0.77] [ 0.    0.    0.    0.    0.    0.    0.99]
9 [-0.67 -0.01  0.96  0.75 -0.01 -0.93] [ 0.    0.54  0.    0.    0.45  0.01  0.  ]
18 [-0.57 -0.91  0.49 -0.75 -0.54 -0.85] [ 0.  0.  0.  0.  0.  0.  1.]
epoch: 22000
error: 0.0007
final: 0.0594
-----
state =  0 1 10 11 12 12 13 16 16 16 16 15 14 17 18
symbol= BPBTSXXTTTVVEPE
label = 040123311155646
true probabilities:
     B    T    S    X    P    V    E
1 [ 0.   0.5  0.   0.   0.5  0.   0. ]
10 [ 1.  0.  0.  0.  0.  0.  0.]
11 [ 0.   0.5  0.   0.   0.5  0.   0. ]
12 [ 0.   0.   0.5  0.5  0.   0.   0. ]
12 [ 0.   0.   0.5  0.5  0.   0.   0. ]
13 [ 0.   0.   0.5  0.5  0.   0.   0. ]
16 [ 0.   0.5  0.   0.   0.   0.5  0. ]
16 [ 0.   0.5  0.   0.   0.   0.5  0. ]
16 [ 0.   0.5  0.   0.   0.   0.5  0. ]
16 [ 0.   0.5  0.   0.   0.   0.5  0. ]
15 [ 0.   0.   0.   0.   0.5  0.5  0. ]
14 [ 0.  0.  0.  0.  0.  0.  1.]
17 [ 0.  0.  0.  0.  1.  0.  0.]
18 [ 0.  0.  0.  0.  0.  0.  1.]
hidden activations and output probabilities [BTSXPVE]:
1 [ 0.01  0.06  0.72  0.75  0.19  0.63] [ 0.    0.51  0.    0.    0.48  0.    0.  ]
10 [ 0.77  0.92 -0.1   0.41 -0.21  0.52] [ 1.  0.  0.  0.  0.  0.  0.]
11 [ 0.    0.11  0.7   0.92 -0.17 -0.09] [ 0.    0.47  0.    0.    0.51  0.02  0.  ]
12 [ 0.93 -0.3   0.47 -0.66 -0.26  0.44] [ 0.    0.    0.48  0.51  0.    0.    0.  ]
12 [ 0.72 -0.75  0.55 -0.89 -0.49  0.27] [ 0.    0.    0.49  0.51  0.    0.    0.01]
13 [ 0.92 -0.85  0.41 -0.41 -0.02 -0.62] [ 0.    0.    0.6   0.38  0.    0.01  0.  ]
16 [ 0.96  0.53  0.17  0.61 -0.09 -0.91] [ 0.    0.47  0.    0.    0.    0.52  0.  ]
16 [ 0.9   0.67  0.19  0.79 -0.18 -0.98] [ 0.    0.47  0.    0.    0.    0.53  0.  ]
16 [ 0.88  0.53  0.2   0.8  -0.17 -0.99] [ 0.    0.44  0.    0.    0.    0.56  0.  ]
16 [ 0.89  0.58  0.2   0.76 -0.18 -1.  ] [ 0.    0.43  0.    0.    0.    0.56  0.  ]
15 [ 0.02 -0.71  0.42  0.89 -0.99 -0.99] [ 0.    0.01  0.    0.    0.49  0.5   0.  ]
14 [-0.37 -0.91  0.59 -0.75 -0.97 -1.  ] [ 0.  0.  0.  0.  0.  0.  1.]
17 [-0.76 -0.01  0.97  0.69 -0.01 -0.99] [ 0.    0.47  0.    0.    0.52  0.    0.  ]
18 [-0.74 -0.93  0.61 -0.57 -0.56 -1.  ] [ 0.  0.  0.  0.  0.  0.  1.]
epoch: 23000
error: 0.0007
final: 0.0649
-----
state =  0 1 10 11 12 13 16 15 14 17 18
symbol= BPBTXXVVEPE
label = 04013355646
true probabilities:
     B    T    S    X    P    V    E
1 [ 0.   0.5  0.   0.   0.5  0.   0. ]
10 [ 1.  0.  0.  0.  0.  0.  0.]
11 [ 0.   0.5  0.   0.   0.5  0.   0. ]
12 [ 0.   0.   0.5  0.5  0.   0.   0. ]
13 [ 0.   0.   0.5  0.5  0.   0.   0. ]
16 [ 0.   0.5  0.   0.   0.   0.5  0. ]
15 [ 0.   0.   0.   0.   0.5  0.5  0. ]
14 [ 0.  0.  0.  0.  0.  0.  1.]
17 [ 0.  0.  0.  0.  1.  0.  0.]
18 [ 0.  0.  0.  0.  0.  0.  1.]
hidden activations and output probabilities [BTSXPVE]:
1 [ 0.01  0.05  0.72  0.75  0.18  0.63] [ 0.    0.52  0.    0.    0.48  0.    0.  ]
10 [ 0.76  0.92 -0.13  0.41 -0.2   0.49] [ 1.  0.  0.  0.  0.  0.  0.]
11 [ 0.    0.14  0.68  0.92 -0.14 -0.14] [ 0.    0.53  0.    0.    0.45  0.02  0.  ]
12 [ 0.92 -0.19  0.45 -0.66 -0.27  0.35] [ 0.   0.   0.5  0.5  0.   0.   0. ]
13 [ 0.93 -0.65  0.36 -0.33 -0.03 -0.6 ] [ 0.    0.01  0.6   0.37  0.    0.02  0.  ]
16 [ 0.96  0.55  0.17  0.63 -0.09 -0.91] [ 0.    0.51  0.    0.    0.    0.48  0.  ]
15 [ 0.06 -0.71  0.41  0.88 -0.99 -0.98] [ 0.    0.01  0.    0.    0.48  0.51  0.  ]
14 [ 0.01 -0.91  0.6  -0.75 -0.97 -0.99] [ 0.  0.  0.  0.  0.  0.  1.]
17 [-0.44 -0.02  0.97  0.74 -0.01 -0.99] [ 0.    0.61  0.    0.    0.38  0.01  0.  ]
18 [-0.52 -0.87  0.56 -0.19 -0.49 -1.  ] [ 0.  0.  0.  0.  0.  0.  1.]
epoch: 24000
error: 0.0009
final: 0.1095
-----
state =  0 1 2 3 4 4 5 8 7 5 8 7 6 9 18
symbol= BTBTSXXVPXVVETE
label = 010123354355616
true probabilities:
     B    T    S    X    P    V    E
1 [ 0.   0.5  0.   0.   0.5  0.   0. ]
2 [ 1.  0.  0.  0.  0.  0.  0.]
3 [ 0.   0.5  0.   0.   0.5  0.   0. ]
4 [ 0.   0.   0.5  0.5  0.   0.   0. ]
4 [ 0.   0.   0.5  0.5  0.   0.   0. ]
5 [ 0.   0.   0.5  0.5  0.   0.   0. ]
8 [ 0.   0.5  0.   0.   0.   0.5  0. ]
7 [ 0.   0.   0.   0.   0.5  0.5  0. ]
5 [ 0.   0.   0.5  0.5  0.   0.   0. ]
8 [ 0.   0.5  0.   0.   0.   0.5  0. ]
7 [ 0.   0.   0.   0.   0.5  0.5  0. ]
6 [ 0.  0.  0.  0.  0.  0.  1.]
9 [ 0.  1.  0.  0.  0.  0.  0.]
18 [ 0.  0.  0.  0.  0.  0.  1.]
hidden activations and output probabilities [BTSXPVE]:
1 [ 0.01  0.05  0.72  0.75  0.17  0.62] [ 0.   0.5  0.   0.   0.5  0.   0. ]
2 [ 0.78  0.67  0.4  -0.42 -0.2   0.88] [ 1.  0.  0.  0.  0.  0.  0.]
3 [ 0.01 -0.03  0.91  0.6  -0.01  0.12] [ 0.    0.44  0.    0.    0.55  0.01  0.  ]
4 [ 0.97 -0.58  0.6  -0.68 -0.25  0.65] [ 0.    0.    0.48  0.52  0.    0.    0.  ]
4 [ 0.82 -0.84  0.61 -0.89 -0.41  0.56] [ 0.    0.    0.48  0.52  0.    0.    0.  ]
5 [ 0.95 -0.89  0.45 -0.64 -0.02 -0.41] [ 0.   0.   0.6  0.4  0.   0.   0. ]
8 [ 0.97  0.44  0.2   0.4  -0.08 -0.86] [ 0.    0.47  0.01  0.01  0.    0.51  0.  ]
7 [ 0.11 -0.7   0.44  0.84 -0.99 -0.96] [ 0.    0.01  0.    0.    0.45  0.54  0.  ]
5 [ 0.9  -0.82  0.45 -0.72 -0.04 -0.99] [ 0.    0.    0.61  0.38  0.    0.    0.  ]
8 [ 0.96  0.55  0.15  0.58 -0.09 -0.99] [ 0.    0.47  0.    0.    0.    0.53  0.  ]
7 [ 0.06 -0.71  0.41  0.88 -0.99 -0.99] [ 0.    0.01  0.    0.    0.48  0.51  0.  ]
6 [-0.1  -0.91  0.62 -0.75 -0.98 -1.  ] [ 0.  0.  0.  0.  0.  0.  1.]
9 [-0.57 -0.02  0.98  0.73 -0.01 -0.98] [ 0.    0.43  0.    0.    0.56  0.01  0.  ]
18 [-0.77 -0.94  0.53 -0.75 -0.59 -0.99] [ 0.  0.  0.  0.  0.  0.  1.]
epoch: 25000
error: 0.0010
final: 0.0906
-----
state =  0 1 10 11 12 12 13 14 17 18
symbol= BPBTSXSEPE
label = 0401232646
true probabilities:
     B    T    S    X    P    V    E
1 [ 0.   0.5  0.   0.   0.5  0.   0. ]
10 [ 1.  0.  0.  0.  0.  0.  0.]
11 [ 0.   0.5  0.   0.   0.5  0.   0. ]
12 [ 0.   0.   0.5  0.5  0.   0.   0. ]
12 [ 0.   0.   0.5  0.5  0.   0.   0. ]
13 [ 0.   0.   0.5  0.5  0.   0.   0. ]
14 [ 0.  0.  0.  0.  0.  0.  1.]
17 [ 0.  0.  0.  0.  1.  0.  0.]
18 [ 0.  0.  0.  0.  0.  0.  1.]
hidden activations and output probabilities [BTSXPVE]:
1 [ 0.01  0.05  0.72  0.75  0.16  0.62] [ 0.    0.51  0.    0.    0.48  0.    0.  ]
10 [ 0.73  0.91 -0.2   0.44 -0.21  0.47] [ 1.  0.  0.  0.  0.  0.  0.]
11 [ 0.    0.13  0.64  0.94 -0.13 -0.11] [ 0.    0.51  0.    0.    0.47  0.02  0.  ]
12 [ 0.84 -0.14  0.48 -0.65 -0.29  0.38] [ 0.01  0.    0.48  0.5   0.    0.    0.  ]
12 [ 0.74 -0.7   0.56 -0.89 -0.45  0.2 ] [ 0.    0.    0.5   0.49  0.    0.    0.01]
13 [ 0.94 -0.81  0.38 -0.33 -0.02 -0.65] [ 0.    0.    0.61  0.37  0.    0.01  0.  ]
14 [-0.08 -0.43  0.28 -0.81 -0.82 -0.75] [ 0.  0.  0.  0.  0.  0.  1.]
17 [-0.53 -0.01  0.98  0.75 -0.01 -0.85] [ 0.   0.4  0.   0.   0.6  0.   0. ]
18 [-0.75 -0.53  0.65 -0.44 -0.53 -0.98] [ 0.  0.  0.  0.  0.  0.  1.]
epoch: 26000
error: 0.0012
final: 0.0452
-----
state =  0 1 2 3 8 8 8 8 7 5 6 9 18
symbol= BTBPTTTVPSETE
label = 0104111542616
true probabilities:
     B    T    S    X    P    V    E
1 [ 0.   0.5  0.   0.   0.5  0.   0. ]
2 [ 1.  0.  0.  0.  0.  0.  0.]
3 [ 0.   0.5  0.   0.   0.5  0.   0. ]
8 [ 0.   0.5  0.   0.   0.   0.5  0. ]
8 [ 0.   0.5  0.   0.   0.   0.5  0. ]
8 [ 0.   0.5  0.   0.   0.   0.5  0. ]
8 [ 0.   0.5  0.   0.   0.   0.5  0. ]
7 [ 0.   0.   0.   0.   0.5  0.5  0. ]
5 [ 0.   0.   0.5  0.5  0.   0.   0. ]
6 [ 0.  0.  0.  0.  0.  0.  1.]
9 [ 0.  1.  0.  0.  0.  0.  0.]
18 [ 0.  0.  0.  0.  0.  0.  1.]
hidden activations and output probabilities [BTSXPVE]:
1 [ 0.01  0.05  0.72  0.75  0.15  0.61] [ 0.    0.47  0.    0.    0.52  0.    0.  ]
2 [ 0.74  0.63  0.45 -0.47 -0.2   0.88] [ 1.  0.  0.  0.  0.  0.  0.]
3 [ 0.01 -0.03  0.92  0.56 -0.01  0.15] [ 0.    0.43  0.    0.    0.56  0.    0.  ]
8 [ 0.96  0.29  0.44  0.57 -0.22 -0.52] [ 0.    0.56  0.01  0.01  0.01  0.42  0.  ]
8 [ 0.96  0.32  0.3   0.62 -0.12 -0.87] [ 0.    0.51  0.01  0.    0.    0.48  0.  ]
8 [ 0.95  0.65  0.24  0.7  -0.19 -0.97] [ 0.    0.49  0.    0.    0.    0.5   0.  ]
8 [ 0.9   0.54  0.24  0.79 -0.17 -0.99] [ 0.    0.5   0.    0.    0.    0.49  0.  ]
7 [ 0.09 -0.7   0.46  0.91 -0.99 -0.99] [ 0.    0.01  0.    0.    0.45  0.54  0.  ]
5 [ 0.95 -0.83  0.62 -0.72 -0.05 -0.99] [ 0.    0.    0.55  0.45  0.    0.    0.  ]
6 [ 0.26 -0.56  0.29 -0.85 -0.81 -0.92] [ 0.  0.  0.  0.  0.  0.  1.]
9 [-0.25 -0.01  0.98  0.76 -0.01 -0.75] [ 0.    0.53  0.    0.    0.46  0.01  0.  ]
18 [-0.57 -0.84  0.56 -0.74 -0.53 -0.98] [ 0.  0.  0.  0.  0.  0.  1.]
epoch: 27000
error: 0.0006
final: 0.0624
-----
state =  0 1 2 3 8 7 6 9 18
symbol= BTBPVVETE
label = 010455616
true probabilities:
     B    T    S    X    P    V    E
1 [ 0.   0.5  0.   0.   0.5  0.   0. ]
2 [ 1.  0.  0.  0.  0.  0.  0.]
3 [ 0.   0.5  0.   0.   0.5  0.   0. ]
8 [ 0.   0.5  0.   0.   0.   0.5  0. ]
7 [ 0.   0.   0.   0.   0.5  0.5  0. ]
6 [ 0.  0.  0.  0.  0.  0.  1.]
9 [ 0.  1.  0.  0.  0.  0.  0.]
18 [ 0.  0.  0.  0.  0.  0.  1.]
hidden activations and output probabilities [BTSXPVE]:
1 [ 0.01  0.05  0.72  0.75  0.15  0.61] [ 0.    0.5   0.    0.    0.49  0.    0.  ]
2 [ 0.74  0.63  0.44 -0.5  -0.23  0.88] [ 1.  0.  0.  0.  0.  0.  0.]
3 [ 0.01 -0.03  0.92  0.55 -0.01  0.1 ] [ 0.    0.47  0.    0.    0.52  0.    0.  ]
8 [ 0.96  0.19  0.41  0.45 -0.24 -0.57] [ 0.    0.4   0.02  0.02  0.01  0.56  0.  ]
7 [ 0.25 -0.72  0.5   0.8  -0.95 -0.91] [ 0.    0.01  0.    0.    0.3   0.68  0.  ]
6 [ 0.52 -0.92  0.7  -0.75 -0.97 -0.96] [ 0.    0.    0.01  0.01  0.    0.    0.98]
9 [ 0.33 -0.03  0.98  0.76 -0.01 -0.85] [ 0.    0.88  0.    0.    0.07  0.04  0.  ]
18 [ 0.04 -0.88  0.46 -0.68 -0.47 -0.99] [ 0.  0.  0.  0.  0.  0.  1.]
epoch: 28000
error: 0.0042
final: 0.0030
-----
state =  0 1 2 3 8 7 5 6 9 18
symbol= BTBPVPSETE
label = 0104542616
true probabilities:
     B    T    S    X    P    V    E
1 [ 0.   0.5  0.   0.   0.5  0.   0. ]
2 [ 1.  0.  0.  0.  0.  0.  0.]
3 [ 0.   0.5  0.   0.   0.5  0.   0. ]
8 [ 0.   0.5  0.   0.   0.   0.5  0. ]
7 [ 0.   0.   0.   0.   0.5  0.5  0. ]
5 [ 0.   0.   0.5  0.5  0.   0.   0. ]
6 [ 0.  0.  0.  0.  0.  0.  1.]
9 [ 0.  1.  0.  0.  0.  0.  0.]
18 [ 0.  0.  0.  0.  0.  0.  1.]
hidden activations and output probabilities [BTSXPVE]:
1 [ 0.01  0.05  0.72  0.75  0.16  0.61] [ 0.    0.52  0.    0.    0.47  0.    0.  ]
2 [ 0.73  0.65  0.43 -0.49 -0.24  0.88] [ 1.  0.  0.  0.  0.  0.  0.]
3 [ 0.01 -0.03  0.91  0.56 -0.01  0.1 ] [ 0.    0.48  0.    0.    0.51  0.    0.  ]
8 [ 0.96  0.25  0.41  0.52 -0.24 -0.57] [ 0.    0.49  0.01  0.01  0.    0.49  0.  ]
7 [ 0.21 -0.71  0.51  0.84 -0.95 -0.91] [ 0.    0.01  0.    0.    0.34  0.64  0.  ]
5 [ 0.97 -0.8   0.65 -0.71 -0.05 -0.97] [ 0.    0.    0.59  0.41  0.    0.    0.  ]
6 [ 0.47 -0.68  0.29 -0.85 -0.83 -0.93] [ 0.    0.    0.    0.    0.    0.    0.99]
9 [ 0.14 -0.01  0.98  0.76 -0.01 -0.75] [ 0.    0.85  0.    0.    0.13  0.02  0.  ]
18 [-0.22 -0.68  0.52 -0.7  -0.51 -0.99] [ 0.  0.  0.  0.  0.  0.  1.]
epoch: 29000
error: 0.0023
final: 0.0058
-----
state =  0 1 10 11 12 13 16 15 14 17 18
symbol= BPBTXXVVEPE
label = 04013355646
true probabilities:
     B    T    S    X    P    V    E
1 [ 0.   0.5  0.   0.   0.5  0.   0. ]
10 [ 1.  0.  0.  0.  0.  0.  0.]
11 [ 0.   0.5  0.   0.   0.5  0.   0. ]
12 [ 0.   0.   0.5  0.5  0.   0.   0. ]
13 [ 0.   0.   0.5  0.5  0.   0.   0. ]
16 [ 0.   0.5  0.   0.   0.   0.5  0. ]
15 [ 0.   0.   0.   0.   0.5  0.5  0. ]
14 [ 0.  0.  0.  0.  0.  0.  1.]
17 [ 0.  0.  0.  0.  1.  0.  0.]
18 [ 0.  0.  0.  0.  0.  0.  1.]
hidden activations and output probabilities [BTSXPVE]:
1 [ 0.01  0.05  0.71  0.75  0.15  0.61] [ 0.    0.52  0.    0.    0.47  0.    0.  ]
10 [ 0.74  0.91 -0.23  0.53 -0.23  0.46] [ 1.  0.  0.  0.  0.  0.  0.]
11 [ 0.    0.15  0.63  0.94 -0.16 -0.16] [ 0.    0.53  0.    0.    0.45  0.02  0.  ]
12 [ 0.74 -0.13  0.5  -0.68 -0.33  0.24] [ 0.    0.    0.43  0.55  0.    0.    0.  ]
13 [ 0.91 -0.69  0.25 -0.18 -0.03 -0.67] [ 0.    0.02  0.58  0.37  0.    0.04  0.  ]
16 [ 0.94  0.6   0.09  0.67 -0.12 -0.92] [ 0.    0.54  0.    0.    0.    0.46  0.  ]
15 [ 0.03 -0.68  0.38  0.91 -1.   -0.98] [ 0.    0.01  0.    0.    0.47  0.52  0.  ]
14 [-0.11 -0.91  0.72 -0.75 -0.98 -0.96] [ 0.  0.  0.  0.  0.  0.  1.]
17 [-0.62 -0.01  0.98  0.72 -0.01 -0.43] [ 0.   0.1  0.   0.   0.9  0.   0. ]
18 [-0.71 -0.95  0.74 -0.55 -0.53 -0.92] [ 0.  0.  0.  0.  0.  0.  1.]
epoch: 30000
error: 0.0012
final: 0.0030
-----
state =  0 1 2 3 8 8 8 8 7 5 6 9 18
symbol= BTBPTTTVPSETE
label = 0104111542616
true probabilities:
     B    T    S    X    P    V    E
1 [ 0.   0.5  0.   0.   0.5  0.   0. ]
2 [ 1.  0.  0.  0.  0.  0.  0.]
3 [ 0.   0.5  0.   0.   0.5  0.   0. ]
8 [ 0.   0.5  0.   0.   0.   0.5  0. ]
8 [ 0.   0.5  0.   0.   0.   0.5  0. ]
8 [ 0.   0.5  0.   0.   0.   0.5  0. ]
8 [ 0.   0.5  0.   0.   0.   0.5  0. ]
7 [ 0.   0.   0.   0.   0.5  0.5  0. ]
5 [ 0.   0.   0.5  0.5  0.   0.   0. ]
6 [ 0.  0.  0.  0.  0.  0.  1.]
9 [ 0.  1.  0.  0.  0.  0.  0.]
18 [ 0.  0.  0.  0.  0.  0.  1.]
hidden activations and output probabilities [BTSXPVE]:
1 [ 0.01  0.05  0.71  0.75  0.14  0.61] [ 0.    0.51  0.    0.    0.48  0.    0.  ]
2 [ 0.72  0.61  0.42 -0.51 -0.25  0.88] [ 1.  0.  0.  0.  0.  0.  0.]
3 [ 0.01 -0.02  0.9   0.57 -0.01  0.14] [ 0.    0.49  0.    0.    0.5   0.    0.  ]
8 [ 0.96  0.29  0.37  0.49 -0.25 -0.52] [ 0.    0.5   0.01  0.01  0.    0.47  0.  ]
8 [ 0.96  0.32  0.27  0.63 -0.15 -0.87] [ 0.    0.52  0.    0.    0.    0.48  0.  ]
8 [ 0.95  0.66  0.23  0.71 -0.24 -0.97] [ 0.    0.46  0.    0.    0.    0.54  0.  ]
8 [ 0.89  0.52  0.23  0.79 -0.21 -0.99] [ 0.    0.49  0.    0.    0.    0.51  0.  ]
7 [ 0.07 -0.68  0.46  0.92 -1.   -1.  ] [ 0.    0.01  0.    0.    0.42  0.57  0.  ]
5 [ 0.97 -0.83  0.72 -0.73 -0.05 -0.98] [ 0.    0.    0.53  0.47  0.    0.    0.  ]
6 [ 0.57 -0.74  0.32 -0.85 -0.85 -0.96] [ 0.    0.    0.    0.    0.    0.    0.99]
9 [ 0.3  -0.01  0.98  0.76 -0.01 -0.82] [ 0.    0.93  0.    0.    0.04  0.03  0.  ]
18 [-0.11 -0.66  0.5  -0.68 -0.51 -0.99] [ 0.  0.  0.  0.  0.  0.  1.]
epoch: 31000
error: 0.0004
final: 0.0011
-----
state =  0 1 10 11 12 13 16 16 15 14 17 18
symbol= BPBTXXTVVEPE
label = 040133155646
true probabilities:
     B    T    S    X    P    V    E
1 [ 0.   0.5  0.   0.   0.5  0.   0. ]
10 [ 1.  0.  0.  0.  0.  0.  0.]
11 [ 0.   0.5  0.   0.   0.5  0.   0. ]
12 [ 0.   0.   0.5  0.5  0.   0.   0. ]
13 [ 0.   0.   0.5  0.5  0.   0.   0. ]
16 [ 0.   0.5  0.   0.   0.   0.5  0. ]
16 [ 0.   0.5  0.   0.   0.   0.5  0. ]
15 [ 0.   0.   0.   0.   0.5  0.5  0. ]
14 [ 0.  0.  0.  0.  0.  0.  1.]
17 [ 0.  0.  0.  0.  1.  0.  0.]
18 [ 0.  0.  0.  0.  0.  0.  1.]
hidden activations and output probabilities [BTSXPVE]:
1 [ 0.01  0.05  0.71  0.75  0.15  0.62] [ 0.    0.52  0.    0.    0.48  0.    0.  ]
10 [ 0.75  0.91 -0.29  0.54 -0.25  0.49] [ 1.  0.  0.  0.  0.  0.  0.]
11 [ 0.    0.14  0.62  0.93 -0.15 -0.1 ] [ 0.    0.51  0.    0.    0.47  0.01  0.  ]
12 [ 0.72 -0.1   0.48 -0.67 -0.35  0.36] [ 0.01  0.    0.43  0.55  0.    0.    0.  ]
13 [ 0.9  -0.71  0.2  -0.27 -0.03 -0.63] [ 0.    0.01  0.59  0.38  0.    0.02  0.  ]
16 [ 0.93  0.58  0.06  0.63 -0.13 -0.91] [ 0.    0.49  0.    0.    0.    0.51  0.  ]
16 [ 0.82  0.74  0.16  0.81 -0.25 -0.98] [ 0.    0.49  0.    0.    0.    0.51  0.  ]
15 [ 0.02 -0.63  0.42  0.93 -1.   -0.99] [ 0.    0.01  0.    0.    0.47  0.52  0.  ]
14 [-0.08 -0.91  0.73 -0.75 -0.99 -0.97] [ 0.  0.  0.  0.  0.  0.  1.]
17 [-0.61 -0.01  0.98  0.7  -0.01 -0.42] [ 0.    0.07  0.    0.    0.93  0.    0.  ]
18 [-0.68 -0.95  0.75 -0.55 -0.56 -0.9 ] [ 0.  0.  0.  0.  0.  0.  1.]
epoch: 32000
error: 0.0008
final: 0.0014
-----
state =  0 1 10 11 16 16 15 13 16 16 15 13 16 16 15 14 17 18
symbol= BPBPTVPXTVPXTVVEPE
label = 040415431543155646
true probabilities:
     B    T    S    X    P    V    E
1 [ 0.   0.5  0.   0.   0.5  0.   0. ]
10 [ 1.  0.  0.  0.  0.  0.  0.]
11 [ 0.   0.5  0.   0.   0.5  0.   0. ]
16 [ 0.   0.5  0.   0.   0.   0.5  0. ]
16 [ 0.   0.5  0.   0.   0.   0.5  0. ]
15 [ 0.   0.   0.   0.   0.5  0.5  0. ]
13 [ 0.   0.   0.5  0.5  0.   0.   0. ]
16 [ 0.   0.5  0.   0.   0.   0.5  0. ]
16 [ 0.   0.5  0.   0.   0.   0.5  0. ]
15 [ 0.   0.   0.   0.   0.5  0.5  0. ]
13 [ 0.   0.   0.5  0.5  0.   0.   0. ]
16 [ 0.   0.5  0.   0.   0.   0.5  0. ]
16 [ 0.   0.5  0.   0.   0.   0.5  0. ]
15 [ 0.   0.   0.   0.   0.5  0.5  0. ]
14 [ 0.  0.  0.  0.  0.  0.  1.]
17 [ 0.  0.  0.  0.  1.  0.  0.]
18 [ 0.  0.  0.  0.  0.  0.  1.]
hidden activations and output probabilities [BTSXPVE]:
1 [ 0.01  0.05  0.71  0.75  0.14  0.62] [ 0.   0.5  0.   0.   0.5  0.   0. ]
10 [ 0.74  0.91 -0.26  0.57 -0.24  0.5 ] [ 1.  0.  0.  0.  0.  0.  0.]
11 [ 0.    0.11  0.63  0.93 -0.18 -0.05] [ 0.    0.44  0.    0.    0.55  0.01  0.  ]
16 [ 0.82  0.65  0.03  0.77 -0.26 -0.7 ] [ 0.    0.45  0.    0.    0.    0.55  0.  ]
16 [ 0.78  0.5   0.11  0.79 -0.19 -0.93] [ 0.    0.49  0.    0.    0.    0.51  0.  ]
15 [ 0.02 -0.66  0.32  0.92 -0.99 -0.98] [ 0.    0.01  0.    0.    0.4   0.59  0.  ]
13 [ 0.75 -0.79  0.61 -0.73 -0.05 -0.97] [ 0.    0.    0.57  0.41  0.    0.    0.01]
16 [ 0.89  0.38  0.12  0.56 -0.13 -0.99] [ 0.    0.44  0.    0.    0.    0.55  0.  ]
16 [ 0.83  0.69  0.17  0.73 -0.27 -1.  ] [ 0.    0.45  0.    0.    0.    0.55  0.  ]
15 [ 0.02 -0.64  0.41  0.91 -1.   -1.  ] [ 0.    0.01  0.    0.    0.44  0.55  0.  ]
13 [ 0.74 -0.82  0.69 -0.73 -0.05 -0.98] [ 0.    0.    0.57  0.42  0.    0.    0.01]
16 [ 0.89  0.32  0.15  0.56 -0.14 -0.99] [ 0.    0.44  0.    0.    0.    0.56  0.  ]
16 [ 0.84  0.69  0.19  0.7  -0.27 -1.  ] [ 0.    0.44  0.    0.    0.    0.55  0.  ]
15 [ 0.02 -0.64  0.43  0.91 -1.   -1.  ] [ 0.    0.01  0.    0.    0.45  0.54  0.  ]
14 [-0.37 -0.91  0.72 -0.75 -0.98 -0.97] [ 0.  0.  0.  0.  0.  0.  1.]
17 [-0.83 -0.01  0.99  0.57 -0.01 -0.23] [ 0.    0.01  0.    0.    0.99  0.    0.  ]
18 [-0.82 -0.96  0.81 -0.62 -0.54 -0.77] [ 0.  0.  0.  0.  0.  0.  1.]
epoch: 33000
error: 0.0011
final: 0.0000
-----
state =  0 1 10 11 12 12 12 12 13 16 16 15 14 17 18
symbol= BPBTSSSXXTVVEPE
label = 040122233155646
true probabilities:
     B    T    S    X    P    V    E
1 [ 0.   0.5  0.   0.   0.5  0.   0. ]
10 [ 1.  0.  0.  0.  0.  0.  0.]
11 [ 0.   0.5  0.   0.   0.5  0.   0. ]
12 [ 0.   0.   0.5  0.5  0.   0.   0. ]
12 [ 0.   0.   0.5  0.5  0.   0.   0. ]
12 [ 0.   0.   0.5  0.5  0.   0.   0. ]
12 [ 0.   0.   0.5  0.5  0.   0.   0. ]
13 [ 0.   0.   0.5  0.5  0.   0.   0. ]
16 [ 0.   0.5  0.   0.   0.   0.5  0. ]
16 [ 0.   0.5  0.   0.   0.   0.5  0. ]
15 [ 0.   0.   0.   0.   0.5  0.5  0. ]
14 [ 0.  0.  0.  0.  0.  0.  1.]
17 [ 0.  0.  0.  0.  1.  0.  0.]
18 [ 0.  0.  0.  0.  0.  0.  1.]
hidden activations and output probabilities [BTSXPVE]:
1 [ 0.01  0.05  0.71  0.75  0.14  0.62] [ 0.    0.49  0.    0.    0.5   0.    0.  ]
10 [ 0.75  0.91 -0.3   0.56 -0.26  0.47] [ 1.  0.  0.  0.  0.  0.  0.]
11 [ 0.    0.14  0.62  0.93 -0.16 -0.14] [ 0.    0.51  0.    0.    0.47  0.01  0.  ]
12 [ 0.71 -0.12  0.48 -0.68 -0.37  0.29] [ 0.    0.    0.44  0.55  0.    0.    0.  ]
12 [ 0.76 -0.65  0.54 -0.86 -0.44  0.08] [ 0.    0.    0.46  0.52  0.    0.    0.02]
12 [ 0.83 -0.76  0.56 -0.88 -0.33 -0.03] [ 0.    0.    0.49  0.51  0.    0.    0.  ]
12 [ 0.82 -0.8   0.53 -0.9  -0.36 -0.11] [ 0.    0.    0.49  0.49  0.    0.    0.01]
13 [ 0.96 -0.88  0.27 -0.05 -0.03 -0.77] [ 0.    0.02  0.62  0.32  0.    0.05  0.  ]
16 [ 0.93  0.55  0.1   0.72 -0.16 -0.95] [ 0.    0.49  0.    0.    0.    0.51  0.  ]
16 [ 0.83  0.72  0.18  0.8  -0.27 -0.99] [ 0.    0.48  0.    0.    0.    0.52  0.  ]
15 [ 0.02 -0.63  0.44  0.93 -1.   -1.  ] [ 0.    0.01  0.    0.    0.5   0.49  0.  ]
14 [-0.16 -0.91  0.74 -0.75 -0.98 -0.97] [ 0.  0.  0.  0.  0.  0.  1.]
17 [-0.68 -0.01  0.99  0.67 -0.01 -0.35] [ 0.    0.03  0.    0.    0.97  0.    0.  ]
18 [-0.72 -0.96  0.77 -0.58 -0.57 -0.85] [ 0.  0.  0.  0.  0.  0.  1.]
epoch: 34000
error: 0.0009
final: 0.0002
-----
state =  0 1 2 3 8 7 5 8 7 6 9 18
symbol= BTBPVPXVVETE
label = 010454355616
true probabilities:
     B    T    S    X    P    V    E
1 [ 0.   0.5  0.   0.   0.5  0.   0. ]
2 [ 1.  0.  0.  0.  0.  0.  0.]
3 [ 0.   0.5  0.   0.   0.5  0.   0. ]
8 [ 0.   0.5  0.   0.   0.   0.5  0. ]
7 [ 0.   0.   0.   0.   0.5  0.5  0. ]
5 [ 0.   0.   0.5  0.5  0.   0.   0. ]
8 [ 0.   0.5  0.   0.   0.   0.5  0. ]
7 [ 0.   0.   0.   0.   0.5  0.5  0. ]
6 [ 0.  0.  0.  0.  0.  0.  1.]
9 [ 0.  1.  0.  0.  0.  0.  0.]
18 [ 0.  0.  0.  0.  0.  0.  1.]
hidden activations and output probabilities [BTSXPVE]:
1 [ 0.01  0.05  0.71  0.75  0.15  0.62] [ 0.    0.53  0.    0.    0.47  0.    0.  ]
2 [ 0.71  0.64  0.39 -0.5  -0.29  0.89] [ 1.  0.  0.  0.  0.  0.  0.]
3 [ 0.01 -0.02  0.88  0.61 -0.01  0.12] [ 0.    0.51  0.    0.    0.48  0.    0.  ]
8 [ 0.95  0.31  0.29  0.58 -0.29 -0.54] [ 0.    0.46  0.01  0.    0.    0.53  0.  ]
7 [ 0.1  -0.68  0.41  0.89 -0.95 -0.9 ] [ 0.    0.01  0.    0.    0.4   0.59  0.  ]
5 [ 0.97 -0.78  0.65 -0.72 -0.05 -0.97] [ 0.    0.    0.56  0.43  0.    0.    0.  ]
8 [ 0.98  0.48  0.13  0.5  -0.12 -0.99] [ 0.    0.47  0.    0.    0.    0.53  0.  ]
7 [ 0.04 -0.67  0.36  0.88 -1.   -1.  ] [ 0.    0.01  0.    0.    0.39  0.6   0.  ]
6 [ 0.4  -0.91  0.7  -0.75 -0.98 -0.97] [ 0.  0.  0.  0.  0.  0.  1.]
9 [ 0.13 -0.02  0.98  0.75 -0.01 -0.8 ] [ 0.    0.91  0.    0.    0.08  0.01  0.  ]
18 [-0.41 -0.95  0.52 -0.72 -0.59 -0.99] [ 0.  0.  0.  0.  0.  0.  1.]
epoch: 35000
error: 0.0013
final: 0.0020
-----
state =  0 1 10 11 12 13 16 15 13 16 15 14 17 18
symbol= BPBTXXVPXVVEPE
label = 04013354355646
true probabilities:
     B    T    S    X    P    V    E
1 [ 0.   0.5  0.   0.   0.5  0.   0. ]
10 [ 1.  0.  0.  0.  0.  0.  0.]
11 [ 0.   0.5  0.   0.   0.5  0.   0. ]
12 [ 0.   0.   0.5  0.5  0.   0.   0. ]
13 [ 0.   0.   0.5  0.5  0.   0.   0. ]
16 [ 0.   0.5  0.   0.   0.   0.5  0. ]
15 [ 0.   0.   0.   0.   0.5  0.5  0. ]
13 [ 0.   0.   0.5  0.5  0.   0.   0. ]
16 [ 0.   0.5  0.   0.   0.   0.5  0. ]
15 [ 0.   0.   0.   0.   0.5  0.5  0. ]
14 [ 0.  0.  0.  0.  0.  0.  1.]
17 [ 0.  0.  0.  0.  1.  0.  0.]
18 [ 0.  0.  0.  0.  0.  0.  1.]
hidden activations and output probabilities [BTSXPVE]:
1 [ 0.01  0.05  0.71  0.75  0.14  0.62] [ 0.   0.5  0.   0.   0.5  0.   0. ]
10 [ 0.76  0.91 -0.31  0.58 -0.27  0.47] [ 1.  0.  0.  0.  0.  0.  0.]
11 [ 0.    0.11  0.62  0.92 -0.17 -0.15] [ 0.    0.49  0.    0.    0.5   0.01  0.  ]
12 [ 0.7  -0.2   0.47 -0.69 -0.38  0.29] [ 0.    0.    0.48  0.51  0.    0.    0.  ]
13 [ 0.9  -0.74  0.2  -0.23 -0.03 -0.64] [ 0.    0.01  0.62  0.35  0.    0.02  0.  ]
16 [ 0.9   0.59  0.06  0.65 -0.14 -0.92] [ 0.    0.52  0.    0.    0.    0.48  0.  ]
15 [ 0.02 -0.67  0.29  0.92 -1.   -0.98] [ 0.    0.01  0.    0.    0.43  0.56  0.  ]
13 [ 0.81 -0.8   0.63 -0.72 -0.05 -0.97] [ 0.    0.    0.59  0.4   0.    0.    0.  ]
16 [ 0.91  0.43  0.13  0.54 -0.14 -0.99] [ 0.    0.48  0.    0.    0.    0.52  0.  ]
15 [ 0.03 -0.68  0.36  0.88 -1.   -1.  ] [ 0.    0.01  0.    0.    0.44  0.55  0.  ]
14 [-0.24 -0.91  0.7  -0.75 -0.98 -0.97] [ 0.  0.  0.  0.  0.  0.  1.]
17 [-0.75 -0.01  0.98  0.63 -0.01 -0.24] [ 0.    0.01  0.    0.    0.99  0.    0.  ]
18 [-0.72 -0.96  0.74 -0.59 -0.57 -0.78] [ 0.  0.  0.  0.  0.  0.  1.]
epoch: 36000
error: 0.0013
final: 0.0000
-----
state =  0 1 2 3 8 7 5 8 7 5 6 9 18
symbol= BTBPVPXVPSETE
label = 0104543542616
true probabilities:
     B    T    S    X    P    V    E
1 [ 0.   0.5  0.   0.   0.5  0.   0. ]
2 [ 1.  0.  0.  0.  0.  0.  0.]
3 [ 0.   0.5  0.   0.   0.5  0.   0. ]
8 [ 0.   0.5  0.   0.   0.   0.5  0. ]
7 [ 0.   0.   0.   0.   0.5  0.5  0. ]
5 [ 0.   0.   0.5  0.5  0.   0.   0. ]
8 [ 0.   0.5  0.   0.   0.   0.5  0. ]
7 [ 0.   0.   0.   0.   0.5  0.5  0. ]
5 [ 0.   0.   0.5  0.5  0.   0.   0. ]
6 [ 0.  0.  0.  0.  0.  0.  1.]
9 [ 0.  1.  0.  0.  0.  0.  0.]
18 [ 0.  0.  0.  0.  0.  0.  1.]
hidden activations and output probabilities [BTSXPVE]:
1 [ 0.01  0.05  0.71  0.75  0.15  0.62] [ 0.    0.53  0.    0.    0.47  0.    0.  ]
2 [ 0.72  0.66  0.39 -0.5  -0.29  0.89] [ 1.  0.  0.  0.  0.  0.  0.]
3 [ 0.01 -0.02  0.88  0.61 -0.01  0.09] [ 0.    0.54  0.    0.    0.45  0.    0.  ]
8 [ 0.95  0.34  0.31  0.62 -0.29 -0.57] [ 0.    0.51  0.    0.    0.    0.48  0.  ]
7 [ 0.1  -0.68  0.41  0.9  -0.95 -0.9 ] [ 0.    0.01  0.    0.    0.43  0.56  0.  ]
5 [ 0.97 -0.78  0.66 -0.71 -0.05 -0.97] [ 0.    0.    0.55  0.44  0.    0.    0.  ]
8 [ 0.98  0.47  0.13  0.49 -0.14 -0.99] [ 0.    0.46  0.    0.    0.    0.54  0.  ]
7 [ 0.05 -0.68  0.35  0.88 -1.   -1.  ] [ 0.    0.01  0.    0.    0.41  0.58  0.  ]
5 [ 0.96 -0.82  0.7  -0.73 -0.05 -0.97] [ 0.    0.    0.55  0.45  0.    0.    0.  ]
6 [ 0.52 -0.71  0.32 -0.85 -0.88 -0.98] [ 0.  0.  0.  0.  0.  0.  1.]
9 [ 0.28 -0.01  0.98  0.75 -0.01 -0.84] [ 0.    0.96  0.    0.    0.02  0.01  0.  ]
18 [-0.22 -0.71  0.48 -0.68 -0.56 -0.99] [ 0.  0.  0.  0.  0.  0.  1.]
epoch: 37000
error: 0.0009
final: 0.0003
-----
state =  0 1 10 11 12 12 13 14 17 18
symbol= BPBTSXSEPE
label = 0401232646
true probabilities:
     B    T    S    X    P    V    E
1 [ 0.   0.5  0.   0.   0.5  0.   0. ]
10 [ 1.  0.  0.  0.  0.  0.  0.]
11 [ 0.   0.5  0.   0.   0.5  0.   0. ]
12 [ 0.   0.   0.5  0.5  0.   0.   0. ]
12 [ 0.   0.   0.5  0.5  0.   0.   0. ]
13 [ 0.   0.   0.5  0.5  0.   0.   0. ]
14 [ 0.  0.  0.  0.  0.  0.  1.]
17 [ 0.  0.  0.  0.  1.  0.  0.]
18 [ 0.  0.  0.  0.  0.  0.  1.]
hidden activations and output probabilities [BTSXPVE]:
1 [ 0.01  0.04  0.71  0.75  0.14  0.62] [ 0.   0.5  0.   0.   0.5  0.   0. ]
10 [ 0.75  0.91 -0.29  0.61 -0.27  0.48] [ 1.  0.  0.  0.  0.  0.  0.]
11 [ 0.    0.12  0.63  0.92 -0.18 -0.12] [ 0.    0.48  0.    0.    0.51  0.01  0.  ]
12 [ 0.73 -0.22  0.46 -0.69 -0.36  0.33] [ 0.    0.    0.43  0.56  0.    0.    0.  ]
12 [ 0.76 -0.68  0.53 -0.84 -0.45  0.14] [ 0.    0.    0.44  0.55  0.    0.    0.01]
13 [ 0.94 -0.86  0.27 -0.21 -0.03 -0.68] [ 0.    0.01  0.59  0.38  0.    0.02  0.  ]
14 [-0.22 -0.61  0.23 -0.78 -0.87 -0.79] [ 0.  0.  0.  0.  0.  0.  1.]
17 [-0.68 -0.    0.95  0.73 -0.01 -0.22] [ 0.    0.01  0.    0.    0.99  0.    0.  ]
18 [-0.68 -0.8   0.54 -0.52 -0.54 -0.81] [ 0.  0.  0.  0.  0.  0.  1.]
epoch: 38000
error: 0.0013
final: 0.0000
-----
state =  0 1 10 11 12 13 16 15 14 17 18
symbol= BPBTXXVVEPE
label = 04013355646
true probabilities:
     B    T    S    X    P    V    E
1 [ 0.   0.5  0.   0.   0.5  0.   0. ]
10 [ 1.  0.  0.  0.  0.  0.  0.]
11 [ 0.   0.5  0.   0.   0.5  0.   0. ]
12 [ 0.   0.   0.5  0.5  0.   0.   0. ]
13 [ 0.   0.   0.5  0.5  0.   0.   0. ]
16 [ 0.   0.5  0.   0.   0.   0.5  0. ]
15 [ 0.   0.   0.   0.   0.5  0.5  0. ]
14 [ 0.  0.  0.  0.  0.  0.  1.]
17 [ 0.  0.  0.  0.  1.  0.  0.]
18 [ 0.  0.  0.  0.  0.  0.  1.]
hidden activations and output probabilities [BTSXPVE]:
1 [ 0.01  0.04  0.71  0.75  0.14  0.62] [ 0.   0.5  0.   0.   0.5  0.   0. ]
10 [ 0.76  0.91 -0.31  0.59 -0.28  0.48] [ 1.  0.  0.  0.  0.  0.  0.]
11 [ 0.    0.09  0.62  0.92 -0.16 -0.13] [ 0.    0.48  0.    0.    0.51  0.01  0.  ]
12 [ 0.71 -0.21  0.45 -0.69 -0.38  0.33] [ 0.    0.    0.46  0.53  0.    0.    0.  ]
13 [ 0.89 -0.74  0.19 -0.28 -0.03 -0.62] [ 0.    0.01  0.62  0.36  0.    0.02  0.  ]
16 [ 0.9   0.57  0.06  0.63 -0.16 -0.92] [ 0.    0.49  0.    0.    0.    0.51  0.  ]
15 [ 0.02 -0.66  0.26  0.91 -1.   -0.98] [ 0.    0.    0.    0.    0.42  0.57  0.  ]
14 [-0.2  -0.91  0.59 -0.75 -0.98 -0.96] [ 0.  0.  0.  0.  0.  0.  1.]
17 [-0.73 -0.01  0.96  0.58 -0.01 -0.32] [ 0.    0.01  0.    0.    0.99  0.    0.  ]
18 [-0.72 -0.95  0.59 -0.61 -0.57 -0.74] [ 0.  0.  0.  0.  0.  0.  1.]
epoch: 39000
error: 0.0014
final: 0.0000
-----
state =  0 1 10 11 16 15 14 17 18
symbol= BPBPVVEPE
label = 040455646
true probabilities:
     B    T    S    X    P    V    E
1 [ 0.   0.5  0.   0.   0.5  0.   0. ]
10 [ 1.  0.  0.  0.  0.  0.  0.]
11 [ 0.   0.5  0.   0.   0.5  0.   0. ]
16 [ 0.   0.5  0.   0.   0.   0.5  0. ]
15 [ 0.   0.   0.   0.   0.5  0.5  0. ]
14 [ 0.  0.  0.  0.  0.  0.  1.]
17 [ 0.  0.  0.  0.  1.  0.  0.]
18 [ 0.  0.  0.  0.  0.  0.  1.]
hidden activations and output probabilities [BTSXPVE]:
1 [ 0.01  0.05  0.71  0.75  0.14  0.62] [ 0.   0.5  0.   0.   0.5  0.   0. ]
10 [ 0.76  0.91 -0.3   0.6  -0.27  0.48] [ 1.  0.  0.  0.  0.  0.  0.]
11 [ 0.    0.13  0.62  0.92 -0.17 -0.15] [ 0.    0.51  0.    0.    0.48  0.01  0.  ]
16 [ 0.82  0.71  0.07  0.83 -0.29 -0.76] [ 0.    0.49  0.    0.    0.    0.51  0.  ]
15 [ 0.01 -0.6   0.24  0.96 -0.98 -0.95] [ 0.    0.01  0.    0.    0.45  0.54  0.  ]
14 [-0.28 -0.9   0.53 -0.74 -0.98 -0.96] [ 0.  0.  0.  0.  0.  0.  1.]
17 [-0.8  -0.01  0.94  0.51 -0.01 -0.24] [ 0.  0.  0.  0.  1.  0.  0.]
18 [-0.75 -0.95  0.47 -0.61 -0.54 -0.64] [ 0.  0.  0.  0.  0.  0.  1.]
epoch: 40000
error: 0.0002
final: 0.0000
-----
state =  0 1 2 3 4 4 5 6 9 18
symbol= BTBTSXSETE
label = 0101232616
true probabilities:
     B    T    S    X    P    V    E
1 [ 0.   0.5  0.   0.   0.5  0.   0. ]
2 [ 1.  0.  0.  0.  0.  0.  0.]
3 [ 0.   0.5  0.   0.   0.5  0.   0. ]
4 [ 0.   0.   0.5  0.5  0.   0.   0. ]
4 [ 0.   0.   0.5  0.5  0.   0.   0. ]
5 [ 0.   0.   0.5  0.5  0.   0.   0. ]
6 [ 0.  0.  0.  0.  0.  0.  1.]
9 [ 0.  1.  0.  0.  0.  0.  0.]
18 [ 0.  0.  0.  0.  0.  0.  1.]
hidden activations and output probabilities [BTSXPVE]:
1 [ 0.01  0.05  0.71  0.75  0.16  0.62] [ 0.    0.52  0.    0.    0.47  0.    0.  ]
2 [ 0.71  0.67  0.42 -0.48 -0.3   0.89] [ 1.  0.  0.  0.  0.  0.  0.]
3 [ 0.01 -0.02  0.89  0.61 -0.02  0.1 ] [ 0.    0.52  0.    0.    0.48  0.    0.  ]
4 [ 0.96 -0.6   0.62 -0.7  -0.36  0.63] [ 0.    0.    0.45  0.55  0.    0.    0.  ]
4 [ 0.92 -0.84  0.64 -0.8  -0.35  0.51] [ 0.    0.    0.47  0.53  0.    0.    0.  ]
5 [ 0.98 -0.91  0.35 -0.6  -0.03 -0.48] [ 0.    0.    0.59  0.41  0.    0.    0.  ]
6 [ 0.36 -0.69  0.29 -0.85 -0.79 -0.56] [ 0.  0.  0.  0.  0.  0.  1.]
9 [ 0.3  -0.01  0.96  0.75 -0.01 -0.74] [ 0.    0.97  0.    0.    0.02  0.01  0.  ]
18 [-0.14 -0.8   0.45 -0.67 -0.54 -0.95] [ 0.  0.  0.  0.  0.  0.  1.]
epoch: 41000
error: 0.0008
final: 0.0002
-----
state =  0 1 10 11 12 13 14 17 18
symbol= BPBTXSEPE
label = 040132646
true probabilities:
     B    T    S    X    P    V    E
1 [ 0.   0.5  0.   0.   0.5  0.   0. ]
10 [ 1.  0.  0.  0.  0.  0.  0.]
11 [ 0.   0.5  0.   0.   0.5  0.   0. ]
12 [ 0.   0.   0.5  0.5  0.   0.   0. ]
13 [ 0.   0.   0.5  0.5  0.   0.   0. ]
14 [ 0.  0.  0.  0.  0.  0.  1.]
17 [ 0.  0.  0.  0.  1.  0.  0.]
18 [ 0.  0.  0.  0.  0.  0.  1.]
hidden activations and output probabilities [BTSXPVE]:
1 [ 0.01  0.04  0.7   0.75  0.16  0.63] [ 0.    0.52  0.    0.    0.48  0.    0.  ]
10 [ 0.74  0.91 -0.31  0.59 -0.26  0.55] [ 1.  0.  0.  0.  0.  0.  0.]
11 [ 0.    0.08  0.61  0.92 -0.14  0.04] [ 0.    0.44  0.    0.    0.55  0.01  0.  ]
12 [ 0.69 -0.28  0.43 -0.68 -0.36  0.6 ] [ 0.    0.    0.43  0.56  0.    0.    0.  ]
13 [ 0.88 -0.77  0.12 -0.39 -0.03 -0.49] [ 0.    0.    0.59  0.4   0.    0.01  0.  ]
14 [-0.27 -0.5   0.15 -0.79 -0.84 -0.5 ] [ 0.  0.  0.  0.  0.  0.  1.]
17 [-0.61 -0.01  0.87  0.73 -0.01 -0.24] [ 0.    0.01  0.    0.    0.99  0.    0.  ]
18 [-0.59 -0.74  0.26 -0.49 -0.51 -0.81] [ 0.  0.  0.  0.  0.  0.  1.]
epoch: 42000
error: 0.0016
final: 0.0000
-----
state =  0 1 10 11 12 12 12 12 13 16 15 14 17 18
symbol= BPBTSSSXXVVEPE
label = 04012223355646
true probabilities:
     B    T    S    X    P    V    E
1 [ 0.   0.5  0.   0.   0.5  0.   0. ]
10 [ 1.  0.  0.  0.  0.  0.  0.]
11 [ 0.   0.5  0.   0.   0.5  0.   0. ]
12 [ 0.   0.   0.5  0.5  0.   0.   0. ]
12 [ 0.   0.   0.5  0.5  0.   0.   0. ]
12 [ 0.   0.   0.5  0.5  0.   0.   0. ]
12 [ 0.   0.   0.5  0.5  0.   0.   0. ]
13 [ 0.   0.   0.5  0.5  0.   0.   0. ]
16 [ 0.   0.5  0.   0.   0.   0.5  0. ]
15 [ 0.   0.   0.   0.   0.5  0.5  0. ]
14 [ 0.  0.  0.  0.  0.  0.  1.]
17 [ 0.  0.  0.  0.  1.  0.  0.]
18 [ 0.  0.  0.  0.  0.  0.  1.]
hidden activations and output probabilities [BTSXPVE]:
1 [ 0.01  0.05  0.7   0.75  0.16  0.63] [ 0.    0.53  0.    0.    0.47  0.    0.  ]
10 [ 0.75  0.91 -0.31  0.59 -0.26  0.51] [ 1.  0.  0.  0.  0.  0.  0.]
11 [ 0.    0.1   0.61  0.92 -0.14 -0.09] [ 0.    0.53  0.    0.    0.46  0.01  0.  ]
12 [ 0.64 -0.19  0.42 -0.69 -0.38  0.43] [ 0.    0.    0.43  0.56  0.    0.    0.  ]
12 [ 0.73 -0.67  0.5  -0.78 -0.34  0.27] [ 0.    0.    0.46  0.54  0.    0.    0.  ]
12 [ 0.78 -0.82  0.53 -0.82 -0.28  0.24] [ 0.    0.    0.47  0.53  0.    0.    0.  ]
12 [ 0.78 -0.85  0.54 -0.84 -0.26  0.25] [ 0.    0.    0.47  0.53  0.    0.    0.  ]
13 [ 0.94 -0.9   0.27 -0.34 -0.05 -0.61] [ 0.    0.    0.59  0.4   0.    0.01  0.  ]
16 [ 0.94  0.51  0.09  0.61 -0.16 -0.92] [ 0.    0.49  0.    0.    0.    0.51  0.  ]
15 [ 0.03 -0.67  0.28  0.91 -0.99 -0.98] [ 0.    0.01  0.    0.    0.43  0.56  0.  ]
14 [ 0.07 -0.91  0.6  -0.75 -0.98 -0.97] [ 0.  0.  0.  0.  0.  0.  1.]
17 [-0.44 -0.01  0.97  0.7  -0.01 -0.63] [ 0.   0.1  0.   0.   0.9  0.   0. ]
18 [-0.59 -0.92  0.73 -0.45 -0.55 -0.91] [ 0.  0.  0.  0.  0.  0.  1.]
epoch: 43000
error: 0.0008
final: 0.0027
-----
state =  0 1 2 3 8 8 7 6 9 18
symbol= BTBPTVVETE
label = 0104155616
true probabilities:
     B    T    S    X    P    V    E
1 [ 0.   0.5  0.   0.   0.5  0.   0. ]
2 [ 1.  0.  0.  0.  0.  0.  0.]
3 [ 0.   0.5  0.   0.   0.5  0.   0. ]
8 [ 0.   0.5  0.   0.   0.   0.5  0. ]
8 [ 0.   0.5  0.   0.   0.   0.5  0. ]
7 [ 0.   0.   0.   0.   0.5  0.5  0. ]
6 [ 0.  0.  0.  0.  0.  0.  1.]
9 [ 0.  1.  0.  0.  0.  0.  0.]
18 [ 0.  0.  0.  0.  0.  0.  1.]
hidden activations and output probabilities [BTSXPVE]:
1 [ 0.01  0.05  0.7   0.75  0.14  0.63] [ 0.    0.49  0.    0.    0.51  0.    0.  ]
2 [ 0.71  0.63  0.37 -0.51 -0.31  0.89] [ 1.  0.  0.  0.  0.  0.  0.]
3 [ 0.01 -0.02  0.87  0.63 -0.02  0.14] [ 0.    0.49  0.    0.    0.51  0.    0.  ]
8 [ 0.95  0.27  0.23  0.63 -0.29 -0.52] [ 0.    0.45  0.    0.    0.    0.54  0.  ]
8 [ 0.96  0.35  0.14  0.66 -0.17 -0.86] [ 0.    0.47  0.    0.    0.    0.52  0.  ]
7 [ 0.05 -0.69  0.28  0.91 -0.99 -0.97] [ 0.    0.01  0.    0.    0.43  0.56  0.  ]
6 [ 0.5  -0.91  0.58 -0.75 -0.98 -0.96] [ 0.    0.    0.    0.    0.    0.    0.99]
9 [ 0.49 -0.02  0.96  0.75 -0.01 -0.91] [ 0.    0.98  0.    0.    0.    0.02  0.  ]
18 [ 0.04 -0.9   0.38 -0.61 -0.56 -1.  ] [ 0.  0.  0.  0.  0.  0.  1.]
epoch: 44000
error: 0.0005
final: 0.0001
-----
state =  0 1 10 11 12 13 16 15 13 16 16 16 16 15 13 16 15 14 17 18
symbol= BPBTXXVPXTTTVPXVVEPE
label = 04013354311154355646
true probabilities:
     B    T    S    X    P    V    E
1 [ 0.   0.5  0.   0.   0.5  0.   0. ]
10 [ 1.  0.  0.  0.  0.  0.  0.]
11 [ 0.   0.5  0.   0.   0.5  0.   0. ]
12 [ 0.   0.   0.5  0.5  0.   0.   0. ]
13 [ 0.   0.   0.5  0.5  0.   0.   0. ]
16 [ 0.   0.5  0.   0.   0.   0.5  0. ]
15 [ 0.   0.   0.   0.   0.5  0.5  0. ]
13 [ 0.   0.   0.5  0.5  0.   0.   0. ]
16 [ 0.   0.5  0.   0.   0.   0.5  0. ]
16 [ 0.   0.5  0.   0.   0.   0.5  0. ]
16 [ 0.   0.5  0.   0.   0.   0.5  0. ]
16 [ 0.   0.5  0.   0.   0.   0.5  0. ]
15 [ 0.   0.   0.   0.   0.5  0.5  0. ]
13 [ 0.   0.   0.5  0.5  0.   0.   0. ]
16 [ 0.   0.5  0.   0.   0.   0.5  0. ]
15 [ 0.   0.   0.   0.   0.5  0.5  0. ]
14 [ 0.  0.  0.  0.  0.  0.  1.]
17 [ 0.  0.  0.  0.  1.  0.  0.]
18 [ 0.  0.  0.  0.  0.  0.  1.]
hidden activations and output probabilities [BTSXPVE]:
1 [ 0.01  0.04  0.7   0.75  0.15  0.63] [ 0.    0.5   0.    0.    0.49  0.    0.  ]
10 [ 0.75  0.91 -0.31  0.6  -0.26  0.51] [ 1.  0.  0.  0.  0.  0.  0.]
11 [ 0.    0.09  0.61  0.92 -0.15 -0.07] [ 0.    0.47  0.    0.    0.53  0.01  0.  ]
12 [ 0.69 -0.21  0.42 -0.69 -0.36  0.47] [ 0.    0.    0.42  0.57  0.    0.    0.  ]
13 [ 0.87 -0.74  0.14 -0.36 -0.04 -0.56] [ 0.    0.    0.59  0.4   0.    0.01  0.  ]
16 [ 0.88  0.58  0.04  0.59 -0.17 -0.9 ] [ 0.    0.48  0.    0.    0.    0.52  0.  ]
15 [ 0.01 -0.66  0.21  0.9  -0.99 -0.98] [ 0.    0.    0.    0.    0.46  0.54  0.  ]
13 [ 0.83 -0.78  0.54 -0.73 -0.04 -0.96] [ 0.    0.    0.56  0.44  0.    0.    0.  ]
16 [ 0.9   0.5   0.11  0.53 -0.19 -0.99] [ 0.    0.43  0.    0.    0.    0.56  0.  ]
16 [ 0.86  0.63  0.13  0.74 -0.24 -1.  ] [ 0.    0.47  0.    0.    0.    0.53  0.  ]
16 [ 0.85  0.55  0.13  0.75 -0.24 -1.  ] [ 0.    0.46  0.    0.    0.    0.54  0.  ]
16 [ 0.86  0.56  0.14  0.7  -0.25 -1.  ] [ 0.    0.44  0.    0.    0.    0.56  0.  ]
15 [ 0.02 -0.66  0.31  0.91 -0.99 -1.  ] [ 0.    0.01  0.    0.    0.5   0.49  0.  ]
13 [ 0.85 -0.81  0.62 -0.73 -0.04 -0.97] [ 0.    0.    0.55  0.44  0.    0.    0.  ]
16 [ 0.92  0.47  0.14  0.54 -0.19 -0.99] [ 0.    0.44  0.    0.    0.    0.56  0.  ]
15 [ 0.02 -0.68  0.32  0.88 -0.99 -1.  ] [ 0.    0.01  0.    0.    0.5   0.49  0.  ]
14 [-0.12 -0.91  0.63 -0.75 -0.98 -0.97] [ 0.  0.  0.  0.  0.  0.  1.]
17 [-0.67 -0.01  0.98  0.56 -0.01 -0.39] [ 0.    0.01  0.    0.    0.99  0.    0.  ]
18 [-0.67 -0.95  0.74 -0.61 -0.53 -0.74] [ 0.  0.  0.  0.  0.  0.  1.]
epoch: 45000
error: 0.0008
final: 0.0000
-----
state =  0 1 10 11 12 13 16 15 14 17 18
symbol= BPBTXXVVEPE
label = 04013355646
true probabilities:
     B    T    S    X    P    V    E
1 [ 0.   0.5  0.   0.   0.5  0.   0. ]
10 [ 1.  0.  0.  0.  0.  0.  0.]
11 [ 0.   0.5  0.   0.   0.5  0.   0. ]
12 [ 0.   0.   0.5  0.5  0.   0.   0. ]
13 [ 0.   0.   0.5  0.5  0.   0.   0. ]
16 [ 0.   0.5  0.   0.   0.   0.5  0. ]
15 [ 0.   0.   0.   0.   0.5  0.5  0. ]
14 [ 0.  0.  0.  0.  0.  0.  1.]
17 [ 0.  0.  0.  0.  1.  0.  0.]
18 [ 0.  0.  0.  0.  0.  0.  1.]
hidden activations and output probabilities [BTSXPVE]:
1 [ 0.01  0.04  0.7   0.75  0.15  0.63] [ 0.    0.51  0.    0.    0.48  0.    0.  ]
10 [ 0.76  0.91 -0.32  0.59 -0.27  0.51] [ 1.  0.  0.  0.  0.  0.  0.]
11 [ 0.    0.09  0.61  0.92 -0.15 -0.08] [ 0.    0.49  0.    0.    0.5   0.01  0.  ]
12 [ 0.7  -0.15  0.41 -0.69 -0.37  0.45] [ 0.    0.    0.43  0.56  0.    0.    0.  ]
13 [ 0.87 -0.72  0.15 -0.37 -0.04 -0.57] [ 0.    0.    0.62  0.37  0.    0.01  0.  ]
16 [ 0.88  0.58  0.04  0.58 -0.17 -0.9 ] [ 0.    0.49  0.    0.    0.    0.51  0.  ]
15 [ 0.01 -0.65  0.2   0.9  -0.99 -0.98] [ 0.    0.    0.    0.    0.43  0.56  0.  ]
14 [-0.13 -0.9   0.5  -0.75 -0.97 -0.96] [ 0.  0.  0.  0.  0.  0.  1.]
17 [-0.69 -0.01  0.94  0.58 -0.01 -0.34] [ 0.    0.01  0.    0.    0.99  0.    0.  ]
18 [-0.65 -0.94  0.51 -0.59 -0.53 -0.72] [ 0.  0.  0.  0.  0.  0.  1.]
epoch: 46000
error: 0.0013
final: 0.0000
-----
state =  0 1 10 11 16 15 13 16 16 15 13 14 17 18
symbol= BPBPVPXTVPSEPE
label = 04045431542646
true probabilities:
     B    T    S    X    P    V    E
1 [ 0.   0.5  0.   0.   0.5  0.   0. ]
10 [ 1.  0.  0.  0.  0.  0.  0.]
11 [ 0.   0.5  0.   0.   0.5  0.   0. ]
16 [ 0.   0.5  0.   0.   0.   0.5  0. ]
15 [ 0.   0.   0.   0.   0.5  0.5  0. ]
13 [ 0.   0.   0.5  0.5  0.   0.   0. ]
16 [ 0.   0.5  0.   0.   0.   0.5  0. ]
16 [ 0.   0.5  0.   0.   0.   0.5  0. ]
15 [ 0.   0.   0.   0.   0.5  0.5  0. ]
13 [ 0.   0.   0.5  0.5  0.   0.   0. ]
14 [ 0.  0.  0.  0.  0.  0.  1.]
17 [ 0.  0.  0.  0.  1.  0.  0.]
18 [ 0.  0.  0.  0.  0.  0.  1.]
hidden activations and output probabilities [BTSXPVE]:
1 [ 0.01  0.04  0.7   0.75  0.14  0.62] [ 0.   0.5  0.   0.   0.5  0.   0. ]
10 [ 0.76  0.91 -0.33  0.61 -0.27  0.5 ] [ 1.  0.  0.  0.  0.  0.  0.]
11 [ 0.    0.08  0.61  0.92 -0.16 -0.11] [ 0.    0.48  0.    0.    0.52  0.01  0.  ]
16 [ 0.82  0.65  0.03  0.8  -0.28 -0.73] [ 0.    0.45  0.    0.    0.    0.55  0.  ]
15 [ 0.01 -0.62  0.16  0.95 -0.98 -0.94] [ 0.    0.    0.    0.    0.41  0.59  0.  ]
13 [ 0.79 -0.75  0.46 -0.71 -0.04 -0.96] [ 0.    0.    0.6   0.39  0.    0.    0.01]
16 [ 0.86  0.53  0.1   0.53 -0.18 -0.99] [ 0.    0.48  0.    0.    0.    0.51  0.  ]
16 [ 0.84  0.64  0.11  0.75 -0.26 -1.  ] [ 0.    0.45  0.    0.    0.    0.55  0.  ]
15 [ 0.02 -0.64  0.25  0.93 -0.99 -1.  ] [ 0.    0.    0.    0.    0.43  0.56  0.  ]
13 [ 0.8  -0.8   0.58 -0.72 -0.04 -0.96] [ 0.   0.   0.6  0.4  0.   0.   0. ]
14 [-0.12 -0.58  0.32 -0.82 -0.9  -0.97] [ 0.  0.  0.  0.  0.  0.  1.]
17 [-0.63 -0.01  0.96  0.73 -0.01 -0.31] [ 0.    0.01  0.    0.    0.99  0.    0.  ]
18 [-0.63 -0.82  0.63 -0.53 -0.54 -0.82] [ 0.  0.  0.  0.  0.  0.  1.]
epoch: 47000
error: 0.0014
final: 0.0000
-----
state =  0 1 2 3 4 4 4 4 4 5 8 7 5 8 8 8 7 6 9 18
symbol= BTBTSSSSXXVPXTTVVETE
label = 01012222335431155616
true probabilities:
     B    T    S    X    P    V    E
1 [ 0.   0.5  0.   0.   0.5  0.   0. ]
2 [ 1.  0.  0.  0.  0.  0.  0.]
3 [ 0.   0.5  0.   0.   0.5  0.   0. ]
4 [ 0.   0.   0.5  0.5  0.   0.   0. ]
4 [ 0.   0.   0.5  0.5  0.   0.   0. ]
4 [ 0.   0.   0.5  0.5  0.   0.   0. ]
4 [ 0.   0.   0.5  0.5  0.   0.   0. ]
4 [ 0.   0.   0.5  0.5  0.   0.   0. ]
5 [ 0.   0.   0.5  0.5  0.   0.   0. ]
8 [ 0.   0.5  0.   0.   0.   0.5  0. ]
7 [ 0.   0.   0.   0.   0.5  0.5  0. ]
5 [ 0.   0.   0.5  0.5  0.   0.   0. ]
8 [ 0.   0.5  0.   0.   0.   0.5  0. ]
8 [ 0.   0.5  0.   0.   0.   0.5  0. ]
8 [ 0.   0.5  0.   0.   0.   0.5  0. ]
7 [ 0.   0.   0.   0.   0.5  0.5  0. ]
6 [ 0.  0.  0.  0.  0.  0.  1.]
9 [ 0.  1.  0.  0.  0.  0.  0.]
18 [ 0.  0.  0.  0.  0.  0.  1.]
hidden activations and output probabilities [BTSXPVE]:
1 [ 0.01  0.04  0.7   0.75  0.15  0.62] [ 0.    0.51  0.    0.    0.48  0.    0.  ]
2 [ 0.7   0.65  0.36 -0.5  -0.33  0.89] [ 1.  0.  0.  0.  0.  0.  0.]
3 [ 0.01 -0.02  0.87  0.63 -0.03  0.1 ] [ 0.    0.52  0.    0.    0.47  0.    0.  ]
4 [ 0.96 -0.66  0.58 -0.7  -0.38  0.64] [ 0.    0.    0.47  0.53  0.    0.    0.  ]
4 [ 0.92 -0.84  0.63 -0.74 -0.41  0.53] [ 0.    0.    0.47  0.53  0.    0.    0.  ]
4 [ 0.92 -0.89  0.66 -0.8  -0.4   0.47] [ 0.    0.    0.47  0.53  0.    0.    0.  ]
4 [ 0.92 -0.89  0.67 -0.82 -0.4   0.41] [ 0.    0.    0.47  0.53  0.    0.    0.  ]
4 [ 0.92 -0.88  0.67 -0.83 -0.39  0.36] [ 0.    0.    0.47  0.53  0.    0.    0.  ]
5 [ 0.98 -0.97  0.39 -0.48 -0.03 -0.57] [ 0.   0.   0.6  0.4  0.   0.   0. ]
8 [ 0.97  0.4   0.13  0.53 -0.16 -0.91] [ 0.    0.46  0.    0.    0.    0.54  0.  ]
7 [ 0.05 -0.68  0.28  0.89 -0.99 -0.98] [ 0.    0.    0.    0.    0.39  0.6   0.  ]
5 [ 0.96 -0.82  0.6  -0.72 -0.04 -0.97] [ 0.    0.    0.57  0.43  0.    0.    0.  ]
8 [ 0.97  0.56  0.13  0.49 -0.17 -1.  ] [ 0.    0.48  0.    0.    0.    0.52  0.  ]
8 [ 0.92  0.65  0.13  0.78 -0.24 -1.  ] [ 0.    0.48  0.    0.    0.    0.52  0.  ]
8 [ 0.9   0.57  0.13  0.79 -0.24 -1.  ] [ 0.    0.46  0.    0.    0.    0.54  0.  ]
7 [ 0.03 -0.66  0.27  0.94 -0.99 -1.  ] [ 0.    0.    0.    0.    0.41  0.58  0.  ]
6 [ 0.28 -0.91  0.57 -0.75 -0.97 -0.97] [ 0.  0.  0.  0.  0.  0.  1.]
9 [-0.06 -0.02  0.97  0.73 -0.01 -0.81] [ 0.    0.78  0.    0.    0.22  0.    0.  ]
18 [-0.63 -0.95  0.47 -0.74 -0.63 -0.98] [ 0.  0.  0.  0.  0.  0.  1.]
epoch: 48000
error: 0.0009
final: 0.0140
-----
state =  0 1 2 3 8 8 7 5 6 9 18
symbol= BTBPTVPSETE
label = 01041542616
true probabilities:
     B    T    S    X    P    V    E
1 [ 0.   0.5  0.   0.   0.5  0.   0. ]
2 [ 1.  0.  0.  0.  0.  0.  0.]
3 [ 0.   0.5  0.   0.   0.5  0.   0. ]
8 [ 0.   0.5  0.   0.   0.   0.5  0. ]
8 [ 0.   0.5  0.   0.   0.   0.5  0. ]
7 [ 0.   0.   0.   0.   0.5  0.5  0. ]
5 [ 0.   0.   0.5  0.5  0.   0.   0. ]
6 [ 0.  0.  0.  0.  0.  0.  1.]
9 [ 0.  1.  0.  0.  0.  0.  0.]
18 [ 0.  0.  0.  0.  0.  0.  1.]
hidden activations and output probabilities [BTSXPVE]:
1 [ 0.01  0.04  0.7   0.75  0.15  0.63] [ 0.    0.48  0.    0.    0.51  0.    0.  ]
2 [ 0.71  0.63  0.37 -0.46 -0.32  0.9 ] [ 1.  0.  0.  0.  0.  0.  0.]
3 [ 0.01 -0.03  0.87  0.63 -0.03  0.18] [ 0.    0.45  0.    0.    0.55  0.    0.  ]
8 [ 0.95  0.21  0.23  0.68 -0.29 -0.47] [ 0.    0.47  0.    0.    0.    0.52  0.  ]
8 [ 0.97  0.33  0.13  0.66 -0.17 -0.82] [ 0.    0.48  0.    0.    0.    0.52  0.  ]
7 [ 0.05 -0.69  0.24  0.92 -0.99 -0.96] [ 0.    0.    0.    0.    0.39  0.6   0.  ]
5 [ 0.97 -0.8   0.55 -0.72 -0.04 -0.96] [ 0.    0.    0.57  0.43  0.    0.    0.  ]
6 [ 0.55 -0.43  0.27 -0.83 -0.89 -0.98] [ 0.  0.  0.  0.  0.  0.  1.]
9 [ 0.34 -0.01  0.95  0.75 -0.01 -0.91] [ 0.    0.98  0.    0.    0.01  0.01  0.  ]
18 [-0.23 -0.64  0.37 -0.67 -0.58 -1.  ] [ 0.  0.  0.  0.  0.  0.  1.]
epoch: 49000
error: 0.0011
final: 0.0001
-----
state =  0 1 2 3 8 8 7 6 9 18
symbol= BTBPTVVETE
label = 0104155616
true probabilities:
     B    T    S    X    P    V    E
1 [ 0.   0.5  0.   0.   0.5  0.   0. ]
2 [ 1.  0.  0.  0.  0.  0.  0.]
3 [ 0.   0.5  0.   0.   0.5  0.   0. ]
8 [ 0.   0.5  0.   0.   0.   0.5  0. ]
8 [ 0.   0.5  0.   0.   0.   0.5  0. ]
7 [ 0.   0.   0.   0.   0.5  0.5  0. ]
6 [ 0.  0.  0.  0.  0.  0.  1.]
9 [ 0.  1.  0.  0.  0.  0.  0.]
18 [ 0.  0.  0.  0.  0.  0.  1.]
hidden activations and output probabilities [BTSXPVE]:
1 [ 0.01  0.05  0.7   0.75  0.16  0.63] [ 0.    0.51  0.    0.    0.49  0.    0.  ]
2 [ 0.71  0.67  0.37 -0.46 -0.31  0.9 ] [ 1.  0.  0.  0.  0.  0.  0.]
3 [ 0.01 -0.03  0.87  0.62 -0.03  0.15] [ 0.    0.49  0.    0.    0.51  0.    0.  ]
8 [ 0.95  0.32  0.23  0.69 -0.29 -0.5 ] [ 0.    0.53  0.    0.    0.    0.46  0.  ]
8 [ 0.96  0.38  0.13  0.73 -0.16 -0.86] [ 0.    0.54  0.    0.    0.    0.46  0.  ]
7 [ 0.04 -0.68  0.23  0.93 -0.99 -0.97] [ 0.    0.    0.    0.    0.4   0.59  0.  ]
6 [ 0.46 -0.91  0.51 -0.75 -0.97 -0.96] [ 0.  0.  0.  0.  0.  0.  1.]
9 [ 0.49 -0.03  0.95  0.74 -0.01 -0.89] [ 0.    0.99  0.    0.    0.    0.01  0.  ]
18 [ 0.04 -0.89  0.36 -0.6  -0.55 -1.  ] [ 0.  0.  0.  0.  0.  0.  1.]
epoch: 50000
error: 0.0008
final: 0.0000
