-----
state =  0 1 2 3 8 8 7 5 8 7 6 9 18
symbol= BTBPTVPXVVETE
label = 0104154355616
true probabilities:
     B    T    S    X    P    V    E
1 [ 0.   0.5  0.   0.   0.5  0.   0. ]
2 [ 1.  0.  0.  0.  0.  0.  0.]
3 [ 0.   0.5  0.   0.   0.5  0.   0. ]
8 [ 0.   0.5  0.   0.   0.   0.5  0. ]
8 [ 0.   0.5  0.   0.   0.   0.5  0. ]
7 [ 0.   0.   0.   0.   0.5  0.5  0. ]
5 [ 0.   0.   0.5  0.5  0.   0.   0. ]
8 [ 0.   0.5  0.   0.   0.   0.5  0. ]
7 [ 0.   0.   0.   0.   0.5  0.5  0. ]
6 [ 0.  0.  0.  0.  0.  0.  1.]
9 [ 0.  1.  0.  0.  0.  0.  0.]
18 [ 0.  0.  0.  0.  0.  0.  1.]
hidden activations and output probabilities [BTSXPVE]:
1 [-0.03 -0.06 -0.08 -0.01  0.01 -0.05  0.08 -0.    0.06] [ 0.1   0.12  0.16  0.12  0.12  0.19  0.18]
2 [-0.03 -0.04 -0.   -0.03 -0.   -0.14  0.17 -0.03  0.06] [ 0.1   0.12  0.17  0.13  0.12  0.18  0.18]
3 [-0.05 -0.09 -0.08 -0.01 -0.   -0.14  0.13 -0.02  0.08] [ 0.1   0.12  0.16  0.12  0.12  0.19  0.18]
8 [-0.01 -0.15 -0.09 -0.03  0.03 -0.12  0.11 -0.01 -0.03] [ 0.1   0.13  0.17  0.12  0.12  0.18  0.18]
8 [-0.01 -0.08 -0.03 -0.03  0.01 -0.18  0.2  -0.03  0.  ] [ 0.1   0.13  0.17  0.13  0.13  0.18  0.17]
7 [-0.05 -0.12 -0.05  0.04  0.07 -0.25  0.14 -0.09  0.01] [ 0.1   0.13  0.16  0.13  0.13  0.18  0.18]
5 [-0.01 -0.15 -0.07 -0.02  0.07 -0.16  0.09 -0.03 -0.07] [ 0.1   0.13  0.17  0.13  0.13  0.18  0.17]
8 [ 0.04 -0.12  0.01  0.03  0.02 -0.15  0.14 -0.04 -0.03] [ 0.1   0.13  0.17  0.12  0.13  0.18  0.18]
7 [-0.03 -0.14 -0.01  0.07  0.07 -0.23  0.11 -0.09  0.01] [ 0.1   0.13  0.17  0.13  0.13  0.18  0.18]
6 [-0.05 -0.13 -0.02  0.07  0.1  -0.26  0.1  -0.1   0.03] [ 0.09  0.13  0.16  0.13  0.13  0.18  0.18]
9 [-0.07 -0.16 -0.06  0.01  0.05 -0.24 -0.   -0.05 -0.01] [ 0.1   0.13  0.16  0.12  0.13  0.18  0.18]
18 [-0.05 -0.07  0.   -0.03  0.01 -0.23  0.12 -0.05  0.01] [ 0.1   0.12  0.17  0.13  0.13  0.18  0.17]
epoch: 0
error: 0.0505
final: 0.1275
-----
state =  0 1 2 3 4 4 4 5 6 9 18
symbol= BTBTSSXSETE
label = 01012232616
true probabilities:
     B    T    S    X    P    V    E
1 [ 0.   0.5  0.   0.   0.5  0.   0. ]
2 [ 1.  0.  0.  0.  0.  0.  0.]
3 [ 0.   0.5  0.   0.   0.5  0.   0. ]
4 [ 0.   0.   0.5  0.5  0.   0.   0. ]
4 [ 0.   0.   0.5  0.5  0.   0.   0. ]
4 [ 0.   0.   0.5  0.5  0.   0.   0. ]
5 [ 0.   0.   0.5  0.5  0.   0.   0. ]
6 [ 0.  0.  0.  0.  0.  0.  1.]
9 [ 0.  1.  0.  0.  0.  0.  0.]
18 [ 0.  0.  0.  0.  0.  0.  1.]
hidden activations and output probabilities [BTSXPVE]:
1 [-0.55 -0.39 -0.53 -0.34  0.57 -0.22  0.22  0.04  0.37] [ 0.09  0.4   0.02  0.02  0.39  0.07  0.01]
2 [ 0.58 -0.24 -0.39 -0.66  0.37 -0.23  0.81 -0.04 -0.02] [ 0.69  0.08  0.07  0.06  0.06  0.04  0.01]
3 [-0.39 -0.71 -0.62 -0.29  0.73 -0.71  0.66 -0.03  0.53] [ 0.04  0.45  0.01  0.02  0.41  0.06  0.  ]
4 [ 0.67 -0.43  0.16 -0.34 -0.05 -0.57  0.95 -0.17  0.26] [ 0.16  0.11  0.27  0.23  0.07  0.11  0.05]
4 [ 0.72 -0.56  0.5   0.03 -0.4  -0.78  0.51 -0.41  0.34] [ 0.02  0.06  0.35  0.24  0.05  0.1   0.19]
4 [ 0.69 -0.59  0.42  0.28 -0.55 -0.74 -0.03 -0.55  0.38] [ 0.    0.04  0.25  0.14  0.04  0.08  0.44]
5 [ 0.12 -0.65  0.41  0.33 -0.51 -0.64  0.27 -0.23  0.3 ] [ 0.01  0.14  0.22  0.16  0.09  0.18  0.2 ]
6 [ 0.41 -0.55  0.32  0.6  -0.53 -0.56 -0.15 -0.51  0.37] [ 0.    0.06  0.16  0.1   0.05  0.12  0.51]
9 [-0.63 -0.82  0.08  0.26  0.5  -0.71 -0.21 -0.67  0.66] [ 0.    0.39  0.02  0.03  0.46  0.05  0.05]
18 [ 0.67 -0.45  0.45  0.79 -0.51 -0.42 -0.58 -0.73  0.43] [ 0.    0.01  0.09  0.04  0.02  0.05  0.78]
epoch: 1000
error: 0.0296
final: 0.0832
-----
state =  0 1 10 11 16 15 14 17 18
symbol= BPBPVVEPE
label = 040455646
true probabilities:
     B    T    S    X    P    V    E
1 [ 0.   0.5  0.   0.   0.5  0.   0. ]
10 [ 1.  0.  0.  0.  0.  0.  0.]
11 [ 0.   0.5  0.   0.   0.5  0.   0. ]
16 [ 0.   0.5  0.   0.   0.   0.5  0. ]
15 [ 0.   0.   0.   0.   0.5  0.5  0. ]
14 [ 0.  0.  0.  0.  0.  0.  1.]
17 [ 0.  0.  0.  0.  1.  0.  0.]
18 [ 0.  0.  0.  0.  0.  0.  1.]
hidden activations and output probabilities [BTSXPVE]:
1 [-0.65 -0.44 -0.63 -0.47  0.65 -0.15  0.2   0.09  0.48] [ 0.03  0.47  0.    0.    0.44  0.05  0.  ]
10 [ 0.69 -0.34 -0.9  -0.44  0.65 -0.08  0.86  0.09 -0.35] [ 0.95  0.02  0.    0.    0.01  0.01  0.  ]
11 [-0.45 -0.85 -0.94 -0.15  0.89 -0.74  0.72  0.02  0.67] [ 0.01  0.52  0.    0.    0.42  0.05  0.  ]
16 [ 0.75 -0.61 -0.87  0.35 -0.1  -0.73  0.97  0.    0.51] [ 0.04  0.21  0.08  0.06  0.11  0.47  0.03]
15 [ 0.06 -0.79 -0.4   0.81  0.18 -0.96  0.52 -0.42  0.87] [ 0.    0.32  0.02  0.02  0.25  0.34  0.05]
14 [ 0.62 -0.73  0.35  0.95 -0.46 -0.95 -0.43 -0.77  0.96] [ 0.    0.01  0.05  0.04  0.02  0.04  0.85]
17 [-0.7  -0.93  0.03  0.36  0.47 -0.9  -0.34 -0.91  0.79] [ 0.    0.36  0.01  0.01  0.54  0.04  0.04]
18 [ 0.75 -0.59  0.7   0.94 -0.66 -0.58 -0.71 -0.89  0.84] [ 0.    0.    0.03  0.02  0.    0.01  0.94]
epoch: 2000
error: 0.0146
final: 0.0501
-----
state =  0 1 10 11 12 12 12 13 16 15 13 14 17 18
symbol= BPBTSSXXVPSEPE
label = 04012233542646
true probabilities:
     B    T    S    X    P    V    E
1 [ 0.   0.5  0.   0.   0.5  0.   0. ]
10 [ 1.  0.  0.  0.  0.  0.  0.]
11 [ 0.   0.5  0.   0.   0.5  0.   0. ]
12 [ 0.   0.   0.5  0.5  0.   0.   0. ]
12 [ 0.   0.   0.5  0.5  0.   0.   0. ]
12 [ 0.   0.   0.5  0.5  0.   0.   0. ]
13 [ 0.   0.   0.5  0.5  0.   0.   0. ]
16 [ 0.   0.5  0.   0.   0.   0.5  0. ]
15 [ 0.   0.   0.   0.   0.5  0.5  0. ]
13 [ 0.   0.   0.5  0.5  0.   0.   0. ]
14 [ 0.  0.  0.  0.  0.  0.  1.]
17 [ 0.  0.  0.  0.  1.  0.  0.]
18 [ 0.  0.  0.  0.  0.  0.  1.]
hidden activations and output probabilities [BTSXPVE]:
1 [-0.67 -0.46 -0.66 -0.53  0.68 -0.12  0.16  0.12  0.53] [ 0.01  0.5   0.    0.    0.45  0.04  0.  ]
10 [ 0.7  -0.35 -0.93 -0.47  0.71 -0.02  0.86  0.18 -0.43] [ 0.98  0.01  0.    0.    0.    0.    0.  ]
11 [-0.42 -0.87 -0.97 -0.23  0.92 -0.72  0.66  0.04  0.7 ] [ 0.    0.54  0.    0.    0.42  0.04  0.  ]
12 [ 0.74 -0.54  0.44 -0.6  -0.18 -0.6   0.95 -0.08  0.49] [ 0.01  0.05  0.45  0.46  0.01  0.02  0.  ]
12 [ 0.92 -0.62  0.76 -0.6  -0.61 -0.82  0.23 -0.55  0.47] [ 0.    0.01  0.46  0.49  0.    0.    0.04]
12 [ 0.97 -0.65  0.83 -0.63 -0.73 -0.79 -0.21 -0.69  0.24] [ 0.    0.    0.43  0.44  0.    0.    0.13]
13 [ 0.74 -0.83  0.84  0.37 -0.7  -0.84  0.51 -0.23  0.09] [ 0.    0.01  0.5   0.41  0.    0.02  0.05]
16 [-0.4  -0.88  0.2   0.68 -0.69 -0.82  0.72  0.09  0.31] [ 0.    0.38  0.1   0.07  0.05  0.39  0.02]
15 [-0.35 -0.53 -0.04  0.95  0.36 -0.82 -0.05 -0.43  0.93] [ 0.    0.25  0.01  0.01  0.36  0.28  0.09]
13 [ 0.73 -0.65  0.66  0.77 -0.64 -0.59  0.15 -0.    0.82] [ 0.    0.02  0.32  0.22  0.01  0.08  0.36]
14 [ 0.76 -0.63  0.12  0.85 -0.64 -0.61 -0.43 -0.51  0.43] [ 0.    0.    0.03  0.02  0.    0.02  0.91]
17 [-0.73 -0.95  0.01  0.09  0.66 -0.85 -0.13 -0.81  0.6 ] [ 0.    0.43  0.    0.    0.53  0.03  0.01]
18 [ 0.75 -0.62  0.65  0.91 -0.67 -0.57 -0.65 -0.78  0.79] [ 0.    0.    0.02  0.01  0.    0.    0.96]
epoch: 3000
error: 0.0088
final: 0.0584
-----
state =  0 1 2 3 8 7 5 6 9 18
symbol= BTBPVPSETE
label = 0104542616
true probabilities:
     B    T    S    X    P    V    E
1 [ 0.   0.5  0.   0.   0.5  0.   0. ]
2 [ 1.  0.  0.  0.  0.  0.  0.]
3 [ 0.   0.5  0.   0.   0.5  0.   0. ]
8 [ 0.   0.5  0.   0.   0.   0.5  0. ]
7 [ 0.   0.   0.   0.   0.5  0.5  0. ]
5 [ 0.   0.   0.5  0.5  0.   0.   0. ]
6 [ 0.  0.  0.  0.  0.  0.  1.]
9 [ 0.  1.  0.  0.  0.  0.  0.]
18 [ 0.  0.  0.  0.  0.  0.  1.]
hidden activations and output probabilities [BTSXPVE]:
1 [-0.69 -0.48 -0.68 -0.57  0.69 -0.11  0.13  0.13  0.56] [ 0.01  0.49  0.    0.    0.47  0.03  0.  ]
2 [ 0.7  -0.28 -0.6  -0.89  0.61 -0.1   0.83  0.07 -0.49] [ 0.99  0.    0.    0.    0.    0.    0.  ]
3 [-0.15 -0.87 -0.92 -0.47  0.9  -0.81  0.53 -0.02  0.69] [ 0.    0.48  0.    0.    0.49  0.03  0.  ]
8 [ 0.76 -0.69 -0.92  0.18 -0.23 -0.81  0.96  0.22  0.61] [ 0.01  0.33  0.06  0.04  0.09  0.47  0.01]
7 [ 0.43 -0.52 -0.75  0.79  0.44 -0.97  0.42 -0.35  0.9 ] [ 0.    0.18  0.01  0.01  0.31  0.47  0.03]
5 [ 0.74 -0.8   0.6   0.56 -0.69 -0.88  0.72  0.28  0.82] [ 0.    0.03  0.5   0.34  0.01  0.1   0.03]
6 [ 0.79 -0.57  0.12  0.94 -0.69 -0.64 -0.44 -0.49  0.63] [ 0.    0.    0.01  0.01  0.    0.01  0.96]
9 [-0.74 -0.95  0.    0.04  0.64 -0.86 -0.12 -0.83  0.49] [ 0.    0.42  0.    0.    0.54  0.03  0.  ]
18 [ 0.74 -0.58  0.71  0.96 -0.71 -0.34 -0.86 -0.84  0.72] [ 0.    0.    0.    0.    0.    0.    0.99]
epoch: 4000
error: 0.0055
final: 0.0903
-----
state =  0 1 10 11 16 16 15 13 14 17 18
symbol= BPBPTVPSEPE
label = 04041542646
true probabilities:
     B    T    S    X    P    V    E
1 [ 0.   0.5  0.   0.   0.5  0.   0. ]
10 [ 1.  0.  0.  0.  0.  0.  0.]
11 [ 0.   0.5  0.   0.   0.5  0.   0. ]
16 [ 0.   0.5  0.   0.   0.   0.5  0. ]
16 [ 0.   0.5  0.   0.   0.   0.5  0. ]
15 [ 0.   0.   0.   0.   0.5  0.5  0. ]
13 [ 0.   0.   0.5  0.5  0.   0.   0. ]
14 [ 0.  0.  0.  0.  0.  0.  1.]
17 [ 0.  0.  0.  0.  1.  0.  0.]
18 [ 0.  0.  0.  0.  0.  0.  1.]
hidden activations and output probabilities [BTSXPVE]:
1 [-0.7  -0.5  -0.69 -0.6   0.7  -0.09  0.12  0.13  0.57] [ 0.    0.5   0.    0.    0.47  0.02  0.  ]
10 [ 0.7  -0.41 -0.94 -0.48  0.74  0.02  0.85  0.37 -0.46] [ 0.99  0.    0.    0.    0.    0.    0.  ]
11 [-0.31 -0.88 -0.98 -0.33  0.94 -0.69  0.53 -0.    0.72] [ 0.    0.51  0.    0.    0.47  0.03  0.  ]
16 [ 0.76 -0.7  -0.97  0.31 -0.21 -0.75  0.95  0.36  0.6 ] [ 0.01  0.3   0.03  0.02  0.07  0.57  0.  ]
16 [-0.44 -0.71 -0.04  0.7  -0.36 -0.7   0.93  0.57  0.72] [ 0.    0.44  0.02  0.01  0.03  0.5   0.  ]
15 [ 0.34 -0.2  -0.53  0.94  0.64 -0.88  0.27 -0.13  0.95] [ 0.    0.09  0.    0.    0.31  0.57  0.02]
13 [ 0.74 -0.74  0.68  0.35 -0.67 -0.83  0.61  0.53  0.73] [ 0.    0.02  0.52  0.39  0.    0.05  0.01]
14 [ 0.83 -0.49  0.17  0.96 -0.66 -0.48 -0.33 -0.45  0.6 ] [ 0.    0.    0.02  0.01  0.    0.01  0.96]
17 [-0.75 -0.96  0.    0.03  0.65 -0.84 -0.09 -0.81  0.39] [ 0.    0.44  0.    0.    0.54  0.02  0.  ]
18 [ 0.75 -0.75  0.29  0.83 -0.7  -0.58 -0.5  -0.68  0.71] [ 0.    0.    0.01  0.01  0.    0.    0.98]
epoch: 5000
error: 0.0034
final: 0.0582
-----
state =  0 1 10 11 12 13 14 17 18
symbol= BPBTXSEPE
label = 040132646
true probabilities:
     B    T    S    X    P    V    E
1 [ 0.   0.5  0.   0.   0.5  0.   0. ]
10 [ 1.  0.  0.  0.  0.  0.  0.]
11 [ 0.   0.5  0.   0.   0.5  0.   0. ]
12 [ 0.   0.   0.5  0.5  0.   0.   0. ]
13 [ 0.   0.   0.5  0.5  0.   0.   0. ]
14 [ 0.  0.  0.  0.  0.  0.  1.]
17 [ 0.  0.  0.  0.  1.  0.  0.]
18 [ 0.  0.  0.  0.  0.  0.  1.]
hidden activations and output probabilities [BTSXPVE]:
1 [-0.7  -0.5  -0.7  -0.62  0.7  -0.08  0.1   0.13  0.58] [ 0.    0.52  0.    0.    0.47  0.01  0.  ]
10 [ 0.7  -0.45 -0.94 -0.51  0.74  0.05  0.85  0.45 -0.47] [ 1.  0.  0.  0.  0.  0.  0.]
11 [-0.32 -0.88 -0.99 -0.43  0.94 -0.67  0.51 -0.05  0.72] [ 0.    0.52  0.    0.    0.46  0.02  0.  ]
12 [ 0.75 -0.62  0.54 -0.78 -0.36 -0.5   0.91 -0.04  0.5 ] [ 0.    0.03  0.46  0.5   0.    0.    0.  ]
13 [ 0.72 -0.83  0.83  0.47 -0.63 -0.86  0.92  0.2   0.41] [ 0.    0.02  0.56  0.39  0.    0.03  0.  ]
14 [ 0.82 -0.59  0.12  0.78 -0.74 -0.5  -0.47 -0.58  0.61] [ 0.    0.    0.01  0.    0.    0.    0.98]
17 [-0.75 -0.96  0.    0.03  0.65 -0.82 -0.08 -0.84  0.28] [ 0.    0.45  0.    0.    0.53  0.02  0.  ]
18 [ 0.75 -0.8   0.08  0.82 -0.7  -0.55 -0.57 -0.71  0.61] [ 0.    0.    0.    0.    0.    0.    0.99]
epoch: 6000
error: 0.0009
final: 0.0612
-----
state =  0 1 10 11 16 16 16 15 13 14 17 18
symbol= BPBPTTVPSEPE
label = 040411542646
true probabilities:
     B    T    S    X    P    V    E
1 [ 0.   0.5  0.   0.   0.5  0.   0. ]
10 [ 1.  0.  0.  0.  0.  0.  0.]
11 [ 0.   0.5  0.   0.   0.5  0.   0. ]
16 [ 0.   0.5  0.   0.   0.   0.5  0. ]
16 [ 0.   0.5  0.   0.   0.   0.5  0. ]
16 [ 0.   0.5  0.   0.   0.   0.5  0. ]
15 [ 0.   0.   0.   0.   0.5  0.5  0. ]
13 [ 0.   0.   0.5  0.5  0.   0.   0. ]
14 [ 0.  0.  0.  0.  0.  0.  1.]
17 [ 0.  0.  0.  0.  1.  0.  0.]
18 [ 0.  0.  0.  0.  0.  0.  1.]
hidden activations and output probabilities [BTSXPVE]:
1 [-0.7  -0.49 -0.7  -0.63  0.71 -0.09  0.09  0.11  0.6 ] [ 0.    0.45  0.    0.    0.53  0.01  0.  ]
10 [ 0.7  -0.44 -0.94 -0.47  0.73  0.04  0.84  0.49 -0.44] [ 1.  0.  0.  0.  0.  0.  0.]
11 [-0.29 -0.87 -0.99 -0.42  0.94 -0.68  0.48 -0.1   0.72] [ 0.    0.44  0.    0.    0.54  0.01  0.  ]
16 [ 0.76 -0.75 -0.98  0.31 -0.31 -0.75  0.94  0.43  0.56] [ 0.    0.32  0.02  0.02  0.04  0.59  0.  ]
16 [-0.46 -0.7  -0.09  0.74 -0.37 -0.63  0.91  0.61  0.69] [ 0.    0.45  0.01  0.01  0.02  0.52  0.  ]
16 [-0.56 -0.5   0.06  0.87 -0.05 -0.21  0.94  0.72  0.57] [ 0.    0.38  0.01  0.    0.02  0.58  0.  ]
15 [ 0.37 -0.12 -0.65  0.97  0.71 -0.89  0.12 -0.08  0.91] [ 0.    0.05  0.    0.    0.35  0.59  0.01]
13 [ 0.75 -0.75  0.7   0.26 -0.67 -0.84  0.54  0.63  0.5 ] [ 0.    0.02  0.49  0.45  0.    0.03  0.  ]
14 [ 0.85 -0.46  0.17  0.97 -0.68 -0.4  -0.38 -0.52  0.61] [ 0.    0.    0.    0.    0.    0.    0.99]
17 [-0.75 -0.96  0.    0.02  0.67 -0.84 -0.07 -0.84  0.26] [ 0.    0.4   0.    0.    0.58  0.01  0.  ]
18 [ 0.75 -0.82  0.1   0.87 -0.7  -0.57 -0.49 -0.65  0.59] [ 0.    0.    0.    0.    0.    0.    0.99]
epoch: 7000
error: 0.0025
final: 0.0483
-----
state =  0 1 2 3 8 7 5 8 7 6 9 18
symbol= BTBPVPXVVETE
label = 010454355616
true probabilities:
     B    T    S    X    P    V    E
1 [ 0.   0.5  0.   0.   0.5  0.   0. ]
2 [ 1.  0.  0.  0.  0.  0.  0.]
3 [ 0.   0.5  0.   0.   0.5  0.   0. ]
8 [ 0.   0.5  0.   0.   0.   0.5  0. ]
7 [ 0.   0.   0.   0.   0.5  0.5  0. ]
5 [ 0.   0.   0.5  0.5  0.   0.   0. ]
8 [ 0.   0.5  0.   0.   0.   0.5  0. ]
7 [ 0.   0.   0.   0.   0.5  0.5  0. ]
6 [ 0.  0.  0.  0.  0.  0.  1.]
9 [ 0.  1.  0.  0.  0.  0.  0.]
18 [ 0.  0.  0.  0.  0.  0.  1.]
hidden activations and output probabilities [BTSXPVE]:
1 [-0.71 -0.5  -0.71 -0.64  0.71 -0.07  0.09  0.11  0.6 ] [ 0.    0.48  0.    0.    0.51  0.01  0.  ]
2 [ 0.71 -0.37 -0.63 -0.92  0.48 -0.06  0.82  0.07 -0.5 ] [ 1.  0.  0.  0.  0.  0.  0.]
3 [-0.03 -0.89 -0.94 -0.61  0.88 -0.78  0.43 -0.12  0.7 ] [ 0.    0.44  0.    0.    0.54  0.01  0.  ]
8 [ 0.76 -0.8  -0.95  0.26 -0.4  -0.8   0.95  0.45  0.57] [ 0.    0.37  0.03  0.02  0.03  0.55  0.  ]
7 [ 0.61 -0.24 -0.92  0.84  0.61 -0.98  0.05 -0.25  0.92] [ 0.    0.05  0.    0.    0.42  0.52  0.01]
5 [ 0.76 -0.81  0.69  0.24 -0.71 -0.88  0.53  0.55  0.38] [ 0.    0.02  0.53  0.42  0.    0.02  0.  ]
8 [-0.51 -0.79  0.09  0.9  -0.49 -0.75  0.81  0.59  0.52] [ 0.    0.44  0.01  0.01  0.01  0.52  0.  ]
7 [ 0.32 -0.14 -0.59  0.99  0.68 -0.9  -0.26 -0.11  0.97] [ 0.    0.03  0.    0.    0.48  0.47  0.02]
6 [ 0.74 -0.17  0.58  0.76 -0.43 -0.98 -0.72 -0.56  0.92] [ 0.    0.    0.    0.    0.    0.    0.99]
9 [-0.74 -0.95  0.01  0.01  0.58 -0.81 -0.1  -0.86  0.16] [ 0.    0.45  0.    0.    0.53  0.01  0.  ]
18 [ 0.73 -0.74  0.73  0.98 -0.72 -0.23 -0.9  -0.85  0.66] [ 0.  0.  0.  0.  0.  0.  1.]
epoch: 8000
error: 0.0012
final: 0.0831
-----
state =  0 1 2 3 4 5 6 9 18
symbol= BTBTXSETE
label = 010132616
true probabilities:
     B    T    S    X    P    V    E
1 [ 0.   0.5  0.   0.   0.5  0.   0. ]
2 [ 1.  0.  0.  0.  0.  0.  0.]
3 [ 0.   0.5  0.   0.   0.5  0.   0. ]
4 [ 0.   0.   0.5  0.5  0.   0.   0. ]
5 [ 0.   0.   0.5  0.5  0.   0.   0. ]
6 [ 0.  0.  0.  0.  0.  0.  1.]
9 [ 0.  1.  0.  0.  0.  0.  0.]
18 [ 0.  0.  0.  0.  0.  0.  1.]
hidden activations and output probabilities [BTSXPVE]:
1 [-0.71 -0.51 -0.71 -0.65  0.71 -0.06  0.08  0.1   0.6 ] [ 0.    0.49  0.    0.    0.5   0.01  0.  ]
2 [ 0.7  -0.4  -0.63 -0.92  0.44 -0.03  0.82  0.06 -0.48] [ 1.  0.  0.  0.  0.  0.  0.]
3 [-0.1  -0.89 -0.94 -0.66  0.87 -0.74  0.42 -0.13  0.7 ] [ 0.    0.48  0.    0.    0.51  0.01  0.  ]
4 [ 0.75 -0.69  0.63 -0.88 -0.5  -0.51  0.92 -0.19  0.56] [ 0.    0.02  0.44  0.54  0.    0.    0.  ]
5 [ 0.8  -0.83  0.88  0.32 -0.72 -0.86  0.93  0.27  0.4 ] [ 0.    0.01  0.57  0.4   0.    0.01  0.  ]
6 [ 0.88 -0.55  0.17  0.7  -0.79 -0.47 -0.42 -0.63  0.58] [ 0.    0.    0.    0.    0.    0.    0.99]
9 [-0.75 -0.97  0.01  0.02  0.66 -0.83 -0.07 -0.84  0.17] [ 0.    0.46  0.    0.    0.53  0.01  0.  ]
18 [ 0.73 -0.77  0.74  0.72 -0.72 -0.22 -0.8  -0.89  0.6 ] [ 0.  0.  0.  0.  0.  0.  1.]
epoch: 9000
error: 0.0010
final: 0.0826
-----
state =  0 1 2 3 4 5 8 8 7 6 9 18
symbol= BTBTXXTVVETE
label = 010133155616
true probabilities:
     B    T    S    X    P    V    E
1 [ 0.   0.5  0.   0.   0.5  0.   0. ]
2 [ 1.  0.  0.  0.  0.  0.  0.]
3 [ 0.   0.5  0.   0.   0.5  0.   0. ]
4 [ 0.   0.   0.5  0.5  0.   0.   0. ]
5 [ 0.   0.   0.5  0.5  0.   0.   0. ]
8 [ 0.   0.5  0.   0.   0.   0.5  0. ]
8 [ 0.   0.5  0.   0.   0.   0.5  0. ]
7 [ 0.   0.   0.   0.   0.5  0.5  0. ]
6 [ 0.  0.  0.  0.  0.  0.  1.]
9 [ 0.  1.  0.  0.  0.  0.  0.]
18 [ 0.  0.  0.  0.  0.  0.  1.]
hidden activations and output probabilities [BTSXPVE]:
1 [-0.71 -0.51 -0.71 -0.66  0.72 -0.06  0.08  0.08  0.61] [ 0.    0.47  0.    0.    0.52  0.01  0.  ]
2 [ 0.7  -0.41 -0.62 -0.92  0.39 -0.03  0.81  0.01 -0.48] [ 1.  0.  0.  0.  0.  0.  0.]
3 [-0.07 -0.9  -0.93 -0.65  0.86 -0.75  0.41 -0.15  0.7 ] [ 0.    0.46  0.    0.    0.53  0.01  0.  ]
4 [ 0.75 -0.7   0.65 -0.85 -0.54 -0.51  0.92 -0.23  0.57] [ 0.    0.01  0.45  0.53  0.    0.    0.  ]
5 [ 0.8  -0.83  0.89  0.37 -0.73 -0.87  0.93  0.3   0.45] [ 0.    0.01  0.59  0.39  0.    0.01  0.  ]
8 [-0.46 -0.81  0.06  0.83 -0.69 -0.82  0.89  0.62  0.6 ] [ 0.    0.47  0.01  0.01  0.01  0.5   0.  ]
8 [-0.66 -0.56  0.02  0.95 -0.12 -0.16  0.9   0.73  0.71] [ 0.    0.43  0.    0.    0.01  0.56  0.  ]
7 [ 0.56 -0.09 -0.71  0.99  0.71 -0.92 -0.13 -0.14  0.95] [ 0.    0.02  0.    0.    0.39  0.58  0.  ]
6 [ 0.75 -0.16  0.7   0.81 -0.56 -0.99 -0.7  -0.61  0.88] [ 0.  0.  0.  0.  0.  0.  1.]
9 [-0.75 -0.96  0.01  0.01  0.57 -0.8  -0.08 -0.86  0.11] [ 0.    0.47  0.    0.    0.52  0.01  0.  ]
18 [ 0.73 -0.78  0.74  0.98 -0.72 -0.21 -0.89 -0.87  0.63] [ 0.  0.  0.  0.  0.  0.  1.]
epoch: 10000
error: 0.0013
final: 0.0788
-----
state =  0 1 10 11 12 12 12 13 14 17 18
symbol= BPBTSSXSEPE
label = 04012232646
true probabilities:
     B    T    S    X    P    V    E
1 [ 0.   0.5  0.   0.   0.5  0.   0. ]
10 [ 1.  0.  0.  0.  0.  0.  0.]
11 [ 0.   0.5  0.   0.   0.5  0.   0. ]
12 [ 0.   0.   0.5  0.5  0.   0.   0. ]
12 [ 0.   0.   0.5  0.5  0.   0.   0. ]
12 [ 0.   0.   0.5  0.5  0.   0.   0. ]
13 [ 0.   0.   0.5  0.5  0.   0.   0. ]
14 [ 0.  0.  0.  0.  0.  0.  1.]
17 [ 0.  0.  0.  0.  1.  0.  0.]
18 [ 0.  0.  0.  0.  0.  0.  1.]
hidden activations and output probabilities [BTSXPVE]:
1 [-0.71 -0.52 -0.71 -0.66  0.72 -0.07  0.08  0.08  0.61] [ 0.    0.52  0.    0.    0.47  0.01  0.  ]
10 [ 0.68 -0.56 -0.95 -0.4   0.73  0.03  0.83  0.54 -0.4 ] [ 1.  0.  0.  0.  0.  0.  0.]
11 [-0.36 -0.89 -0.99 -0.49  0.94 -0.68  0.49 -0.17  0.72] [ 0.    0.58  0.    0.    0.41  0.01  0.  ]
12 [ 0.75 -0.7   0.69 -0.79 -0.53 -0.42  0.9  -0.23  0.56] [ 0.    0.01  0.46  0.53  0.    0.    0.  ]
12 [ 0.94 -0.54  0.92 -0.87 -0.82 -0.56  0.4  -0.49  0.45] [ 0.    0.    0.44  0.55  0.    0.    0.  ]
12 [ 0.98 -0.56  0.96 -0.92 -0.88 -0.51  0.22 -0.32  0.21] [ 0.    0.    0.46  0.53  0.    0.    0.01]
13 [ 0.86 -0.82  0.91  0.43 -0.81 -0.81  0.73  0.11  0.16] [ 0.    0.01  0.6   0.38  0.    0.01  0.  ]
14 [ 0.85 -0.56  0.19  0.77 -0.81 -0.44 -0.53 -0.64  0.47] [ 0.  0.  0.  0.  0.  0.  1.]
17 [-0.75 -0.97  0.01  0.02  0.68 -0.81 -0.05 -0.84  0.12] [ 0.    0.49  0.    0.    0.49  0.01  0.  ]
18 [ 0.75 -0.89  0.25  0.84 -0.69 -0.5  -0.61 -0.67  0.51] [ 0.  0.  0.  0.  0.  0.  1.]
epoch: 11000
error: 0.0015
final: 0.0716
-----
state =  0 1 10 11 12 12 13 16 16 15 14 17 18
symbol= BPBTSXXTVVEPE
label = 0401233155646
true probabilities:
     B    T    S    X    P    V    E
1 [ 0.   0.5  0.   0.   0.5  0.   0. ]
10 [ 1.  0.  0.  0.  0.  0.  0.]
11 [ 0.   0.5  0.   0.   0.5  0.   0. ]
12 [ 0.   0.   0.5  0.5  0.   0.   0. ]
12 [ 0.   0.   0.5  0.5  0.   0.   0. ]
13 [ 0.   0.   0.5  0.5  0.   0.   0. ]
16 [ 0.   0.5  0.   0.   0.   0.5  0. ]
16 [ 0.   0.5  0.   0.   0.   0.5  0. ]
15 [ 0.   0.   0.   0.   0.5  0.5  0. ]
14 [ 0.  0.  0.  0.  0.  0.  1.]
17 [ 0.  0.  0.  0.  1.  0.  0.]
18 [ 0.  0.  0.  0.  0.  0.  1.]
hidden activations and output probabilities [BTSXPVE]:
1 [-0.71 -0.52 -0.71 -0.66  0.72 -0.04  0.08  0.1   0.61] [ 0.    0.51  0.    0.    0.48  0.01  0.  ]
10 [ 0.68 -0.53 -0.95 -0.4   0.75  0.07  0.82  0.57 -0.43] [ 1.  0.  0.  0.  0.  0.  0.]
11 [-0.33 -0.88 -0.99 -0.53  0.95 -0.65  0.41 -0.24  0.72] [ 0.    0.5   0.    0.    0.49  0.01  0.  ]
12 [ 0.75 -0.68  0.68 -0.83 -0.53 -0.41  0.9  -0.34  0.53] [ 0.    0.01  0.47  0.52  0.    0.    0.  ]
12 [ 0.94 -0.55  0.93 -0.89 -0.83 -0.52  0.43 -0.44  0.41] [ 0.    0.    0.48  0.52  0.    0.    0.  ]
13 [ 0.85 -0.83  0.93  0.44 -0.81 -0.82  0.79  0.15  0.19] [ 0.    0.    0.62  0.37  0.    0.01  0.  ]
16 [-0.55 -0.82  0.04  0.83 -0.72 -0.79  0.84  0.62  0.5 ] [ 0.    0.53  0.01  0.01  0.    0.45  0.  ]
16 [-0.67 -0.55  0.01  0.96 -0.03 -0.14  0.89  0.73  0.75] [ 0.    0.44  0.    0.    0.01  0.55  0.  ]
15 [ 0.65 -0.07 -0.73  0.99  0.71 -0.93 -0.2  -0.14  0.95] [ 0.    0.02  0.    0.    0.35  0.63  0.  ]
14 [ 0.75 -0.14  0.72  0.77 -0.57 -0.99 -0.71 -0.61  0.84] [ 0.  0.  0.  0.  0.  0.  1.]
17 [-0.75 -0.96  0.01  0.01  0.6  -0.78 -0.07 -0.85  0.09] [ 0.    0.51  0.    0.    0.48  0.01  0.  ]
18 [ 0.75 -0.89  0.22  0.88 -0.69 -0.47 -0.74 -0.57  0.51] [ 0.  0.  0.  0.  0.  0.  1.]
epoch: 12000
error: 0.0017
final: 0.0750
-----
state =  0 1 10 11 12 13 16 16 16 15 13 14 17 18
symbol= BPBTXXTTVPSEPE
label = 04013311542646
true probabilities:
     B    T    S    X    P    V    E
1 [ 0.   0.5  0.   0.   0.5  0.   0. ]
10 [ 1.  0.  0.  0.  0.  0.  0.]
11 [ 0.   0.5  0.   0.   0.5  0.   0. ]
12 [ 0.   0.   0.5  0.5  0.   0.   0. ]
13 [ 0.   0.   0.5  0.5  0.   0.   0. ]
16 [ 0.   0.5  0.   0.   0.   0.5  0. ]
16 [ 0.   0.5  0.   0.   0.   0.5  0. ]
16 [ 0.   0.5  0.   0.   0.   0.5  0. ]
15 [ 0.   0.   0.   0.   0.5  0.5  0. ]
13 [ 0.   0.   0.5  0.5  0.   0.   0. ]
14 [ 0.  0.  0.  0.  0.  0.  1.]
17 [ 0.  0.  0.  0.  1.  0.  0.]
18 [ 0.  0.  0.  0.  0.  0.  1.]
hidden activations and output probabilities [BTSXPVE]:
1 [-0.71 -0.51 -0.71 -0.67  0.72 -0.04  0.07  0.07  0.61] [ 0.    0.48  0.    0.    0.52  0.01  0.  ]
10 [ 0.67 -0.53 -0.95 -0.4   0.76  0.07  0.82  0.56 -0.41] [ 1.  0.  0.  0.  0.  0.  0.]
11 [-0.32 -0.87 -0.99 -0.55  0.95 -0.66  0.41 -0.26  0.72] [ 0.    0.47  0.    0.    0.52  0.    0.  ]
12 [ 0.75 -0.68  0.69 -0.83 -0.53 -0.45  0.89 -0.34  0.55] [ 0.    0.01  0.42  0.57  0.    0.    0.  ]
13 [ 0.83 -0.81  0.91  0.43 -0.76 -0.85  0.92  0.32  0.4 ] [ 0.    0.01  0.56  0.42  0.    0.01  0.  ]
16 [-0.47 -0.77  0.05  0.85 -0.7  -0.81  0.87  0.66  0.59] [ 0.    0.44  0.01  0.01  0.    0.54  0.  ]
16 [-0.66 -0.52  0.01  0.96 -0.08 -0.16  0.86  0.75  0.71] [ 0.    0.4   0.    0.    0.01  0.59  0.  ]
16 [-0.56 -0.46 -0.05  0.97  0.11 -0.17  0.86  0.68  0.24] [ 0.    0.41  0.    0.    0.01  0.58  0.  ]
15 [ 0.53 -0.08 -0.7   0.99  0.7  -0.94 -0.38 -0.28  0.82] [ 0.    0.02  0.    0.    0.48  0.5   0.  ]
13 [ 0.76 -0.81  0.74  0.08 -0.71 -0.83  0.04  0.56  0.15] [ 0.    0.01  0.54  0.44  0.    0.01  0.  ]
14 [ 0.83 -0.41  0.21  0.96 -0.77 -0.29 -0.42 -0.57  0.44] [ 0.  0.  0.  0.  0.  0.  1.]
17 [-0.75 -0.97  0.    0.01  0.69 -0.82 -0.04 -0.84  0.13] [ 0.    0.46  0.    0.    0.53  0.01  0.  ]
18 [ 0.75 -0.89  0.35  0.88 -0.68 -0.51 -0.53 -0.62  0.5 ] [ 0.  0.  0.  0.  0.  0.  1.]
epoch: 13000
error: 0.0012
final: 0.0614
-----
state =  0 1 10 11 16 15 13 14 17 18
symbol= BPBPVPSEPE
label = 0404542646
true probabilities:
     B    T    S    X    P    V    E
1 [ 0.   0.5  0.   0.   0.5  0.   0. ]
10 [ 1.  0.  0.  0.  0.  0.  0.]
11 [ 0.   0.5  0.   0.   0.5  0.   0. ]
16 [ 0.   0.5  0.   0.   0.   0.5  0. ]
15 [ 0.   0.   0.   0.   0.5  0.5  0. ]
13 [ 0.   0.   0.5  0.5  0.   0.   0. ]
14 [ 0.  0.  0.  0.  0.  0.  1.]
17 [ 0.  0.  0.  0.  1.  0.  0.]
18 [ 0.  0.  0.  0.  0.  0.  1.]
hidden activations and output probabilities [BTSXPVE]:
1 [-0.71 -0.52 -0.71 -0.67  0.72 -0.02  0.07  0.1   0.61] [ 0.    0.52  0.    0.    0.48  0.    0.  ]
10 [ 0.66 -0.53 -0.95 -0.4   0.8   0.1   0.81  0.58 -0.44] [ 1.  0.  0.  0.  0.  0.  0.]
11 [-0.32 -0.87 -0.99 -0.59  0.96 -0.64  0.38 -0.27  0.72] [ 0.    0.49  0.    0.    0.51  0.    0.  ]
16 [ 0.74 -0.84 -0.99  0.28 -0.28 -0.66  0.92  0.43  0.48] [ 0.    0.5   0.01  0.01  0.02  0.46  0.  ]
15 [ 0.73 -0.14 -0.99  0.85  0.56 -0.96 -0.32 -0.37  0.9 ] [ 0.    0.02  0.    0.    0.47  0.5   0.  ]
13 [ 0.76 -0.84  0.7   0.09 -0.72 -0.84  0.19  0.5   0.11] [ 0.    0.01  0.54  0.43  0.    0.01  0.  ]
14 [ 0.81 -0.46  0.21  0.9  -0.77 -0.32 -0.42 -0.59  0.48] [ 0.  0.  0.  0.  0.  0.  1.]
17 [-0.75 -0.97  0.    0.02  0.68 -0.8  -0.04 -0.84  0.12] [ 0.    0.5   0.    0.    0.49  0.01  0.  ]
18 [ 0.74 -0.9   0.3   0.86 -0.68 -0.48 -0.53 -0.62  0.49] [ 0.  0.  0.  0.  0.  0.  1.]
epoch: 14000
error: 0.0004
final: 0.0720
-----
state =  0 1 2 3 4 5 8 7 5 8 8 8 7 6 9 18
symbol= BTBTXXVPXTTVVETE
label = 0101335431155616
true probabilities:
     B    T    S    X    P    V    E
1 [ 0.   0.5  0.   0.   0.5  0.   0. ]
2 [ 1.  0.  0.  0.  0.  0.  0.]
3 [ 0.   0.5  0.   0.   0.5  0.   0. ]
4 [ 0.   0.   0.5  0.5  0.   0.   0. ]
5 [ 0.   0.   0.5  0.5  0.   0.   0. ]
8 [ 0.   0.5  0.   0.   0.   0.5  0. ]
7 [ 0.   0.   0.   0.   0.5  0.5  0. ]
5 [ 0.   0.   0.5  0.5  0.   0.   0. ]
8 [ 0.   0.5  0.   0.   0.   0.5  0. ]
8 [ 0.   0.5  0.   0.   0.   0.5  0. ]
8 [ 0.   0.5  0.   0.   0.   0.5  0. ]
7 [ 0.   0.   0.   0.   0.5  0.5  0. ]
6 [ 0.  0.  0.  0.  0.  0.  1.]
9 [ 0.  1.  0.  0.  0.  0.  0.]
18 [ 0.  0.  0.  0.  0.  0.  1.]
hidden activations and output probabilities [BTSXPVE]:
1 [-0.71 -0.53 -0.71 -0.67  0.72 -0.04  0.07  0.09  0.61] [ 0.    0.53  0.    0.    0.46  0.    0.  ]
2 [ 0.68 -0.44 -0.62 -0.92  0.26 -0.03  0.81  0.04 -0.48] [ 1.  0.  0.  0.  0.  0.  0.]
3 [-0.13 -0.9  -0.93 -0.66  0.82 -0.73  0.36 -0.17  0.7 ] [ 0.    0.54  0.    0.    0.45  0.    0.  ]
4 [ 0.75 -0.69  0.69 -0.83 -0.6  -0.44  0.92 -0.22  0.56] [ 0.    0.01  0.46  0.53  0.    0.    0.  ]
5 [ 0.81 -0.79  0.9   0.39 -0.76 -0.85  0.92  0.36  0.43] [ 0.    0.01  0.58  0.4   0.    0.01  0.  ]
8 [-0.45 -0.76  0.06  0.85 -0.71 -0.81  0.87  0.67  0.6 ] [ 0.    0.44  0.01  0.01  0.    0.55  0.  ]
7 [ 0.58 -0.08 -0.65  0.98  0.68 -0.93 -0.4  -0.06  0.97] [ 0.    0.01  0.    0.    0.38  0.61  0.  ]
5 [ 0.76 -0.79  0.73  0.08 -0.69 -0.81  0.13  0.69  0.14] [ 0.    0.01  0.55  0.43  0.    0.01  0.  ]
8 [-0.51 -0.71  0.06  0.91 -0.48 -0.7   0.72  0.62  0.47] [ 0.    0.42  0.01  0.    0.    0.56  0.  ]
8 [-0.65 -0.54  0.01  0.99 -0.14 -0.16  0.76  0.76  0.7 ] [ 0.    0.38  0.    0.    0.01  0.61  0.  ]
8 [-0.59 -0.47 -0.09  0.98  0.14 -0.16  0.82  0.73  0.37] [ 0.    0.41  0.    0.    0.01  0.58  0.  ]
7 [ 0.63 -0.07 -0.72  0.99  0.7  -0.94 -0.42 -0.2   0.86] [ 0.    0.01  0.    0.    0.41  0.57  0.  ]
6 [ 0.75 -0.11  0.74  0.7  -0.6  -0.99 -0.71 -0.64  0.74] [ 0.  0.  0.  0.  0.  0.  1.]
9 [-0.75 -0.96  0.01  0.02  0.63 -0.78 -0.06 -0.84  0.07] [ 0.    0.53  0.    0.    0.46  0.01  0.  ]
18 [ 0.72 -0.79  0.75  0.99 -0.72 -0.18 -0.87 -0.87  0.61] [ 0.  0.  0.  0.  0.  0.  1.]
epoch: 15000
error: 0.0019
final: 0.0607
-----
state =  0 1 2 3 4 5 8 8 8 8 7 5 6 9 18
symbol= BTBTXXTTTVPSETE
label = 010133111542616
true probabilities:
     B    T    S    X    P    V    E
1 [ 0.   0.5  0.   0.   0.5  0.   0. ]
2 [ 1.  0.  0.  0.  0.  0.  0.]
3 [ 0.   0.5  0.   0.   0.5  0.   0. ]
4 [ 0.   0.   0.5  0.5  0.   0.   0. ]
5 [ 0.   0.   0.5  0.5  0.   0.   0. ]
8 [ 0.   0.5  0.   0.   0.   0.5  0. ]
8 [ 0.   0.5  0.   0.   0.   0.5  0. ]
8 [ 0.   0.5  0.   0.   0.   0.5  0. ]
8 [ 0.   0.5  0.   0.   0.   0.5  0. ]
7 [ 0.   0.   0.   0.   0.5  0.5  0. ]
5 [ 0.   0.   0.5  0.5  0.   0.   0. ]
6 [ 0.  0.  0.  0.  0.  0.  1.]
9 [ 0.  1.  0.  0.  0.  0.  0.]
18 [ 0.  0.  0.  0.  0.  0.  1.]
hidden activations and output probabilities [BTSXPVE]:
1 [-0.71 -0.52 -0.71 -0.67  0.72 -0.02  0.07  0.07  0.61] [ 0.    0.52  0.    0.    0.48  0.    0.  ]
2 [ 0.68 -0.45 -0.63 -0.92  0.24 -0.01  0.81 -0.02 -0.49] [ 1.  0.  0.  0.  0.  0.  0.]
3 [-0.12 -0.9  -0.93 -0.68  0.81 -0.71  0.34 -0.18  0.69] [ 0.    0.52  0.    0.    0.47  0.    0.  ]
4 [ 0.75 -0.7   0.69 -0.86 -0.61 -0.39  0.93 -0.26  0.53] [ 0.    0.01  0.47  0.52  0.    0.    0.  ]
5 [ 0.83 -0.79  0.91  0.34 -0.74 -0.86  0.92  0.32  0.44] [ 0.    0.01  0.57  0.41  0.    0.01  0.  ]
8 [-0.39 -0.77  0.08  0.84 -0.69 -0.84  0.86  0.64  0.6 ] [ 0.    0.47  0.01  0.01  0.    0.51  0.  ]
8 [-0.68 -0.58  0.01  0.96 -0.14 -0.17  0.83  0.7   0.77] [ 0.    0.47  0.    0.    0.01  0.52  0.  ]
8 [-0.56 -0.51 -0.16  0.97  0.05 -0.15  0.82  0.62  0.46] [ 0.    0.45  0.    0.    0.01  0.54  0.  ]
8 [-0.6  -0.56 -0.12  0.97 -0.11 -0.19  0.78  0.53  0.46] [ 0.    0.47  0.    0.    0.01  0.52  0.  ]
7 [ 0.63 -0.08 -0.72  0.99  0.67 -0.94 -0.49 -0.36  0.88] [ 0.    0.01  0.    0.    0.51  0.48  0.  ]
5 [ 0.76 -0.84  0.74  0.06 -0.73 -0.8  -0.02  0.52  0.09] [ 0.    0.01  0.54  0.44  0.    0.01  0.  ]
6 [ 0.78 -0.43  0.21  0.96 -0.75 -0.31 -0.41 -0.57  0.42] [ 0.  0.  0.  0.  0.  0.  1.]
9 [-0.75 -0.97  0.    0.02  0.69 -0.81 -0.04 -0.84  0.12] [ 0.    0.5   0.    0.    0.5   0.01  0.  ]
18 [ 0.73 -0.79  0.75  0.96 -0.73 -0.17 -0.76 -0.89  0.59] [ 0.  0.  0.  0.  0.  0.  1.]
epoch: 16000
error: 0.0005
final: 0.0716
-----
state =  0 1 10 11 12 12 13 14 17 18
symbol= BPBTSXSEPE
label = 0401232646
true probabilities:
     B    T    S    X    P    V    E
1 [ 0.   0.5  0.   0.   0.5  0.   0. ]
10 [ 1.  0.  0.  0.  0.  0.  0.]
11 [ 0.   0.5  0.   0.   0.5  0.   0. ]
12 [ 0.   0.   0.5  0.5  0.   0.   0. ]
12 [ 0.   0.   0.5  0.5  0.   0.   0. ]
13 [ 0.   0.   0.5  0.5  0.   0.   0. ]
14 [ 0.  0.  0.  0.  0.  0.  1.]
17 [ 0.  0.  0.  0.  1.  0.  0.]
18 [ 0.  0.  0.  0.  0.  0.  1.]
hidden activations and output probabilities [BTSXPVE]:
1 [-0.71 -0.52 -0.71 -0.67  0.72 -0.03  0.06  0.05  0.61] [ 0.    0.47  0.    0.    0.52  0.    0.  ]
10 [ 0.64 -0.57 -0.95 -0.27  0.76  0.06  0.81  0.56 -0.41] [ 1.  0.  0.  0.  0.  0.  0.]
11 [-0.37 -0.87 -0.99 -0.53  0.95 -0.67  0.38 -0.31  0.73] [ 0.    0.47  0.    0.    0.53  0.    0.  ]
12 [ 0.75 -0.7   0.72 -0.8  -0.58 -0.36  0.89 -0.37  0.55] [ 0.    0.01  0.47  0.52  0.    0.    0.  ]
12 [ 0.94 -0.51  0.94 -0.85 -0.84 -0.56  0.4  -0.49  0.43] [ 0.    0.    0.46  0.54  0.    0.    0.  ]
13 [ 0.86 -0.78  0.92  0.43 -0.84 -0.85  0.76  0.17  0.19] [ 0.    0.    0.6   0.38  0.    0.01  0.  ]
14 [ 0.79 -0.49  0.17  0.79 -0.82 -0.47 -0.54 -0.66  0.51] [ 0.  0.  0.  0.  0.  0.  1.]
17 [-0.75 -0.97  0.01  0.02  0.69 -0.81 -0.05 -0.86  0.1 ] [ 0.    0.46  0.    0.    0.54  0.01  0.  ]
18 [ 0.74 -0.91  0.43  0.83 -0.68 -0.45 -0.58 -0.63  0.5 ] [ 0.  0.  0.  0.  0.  0.  1.]
epoch: 17000
error: 0.0011
final: 0.0603
-----
state =  0 1 10 11 12 13 14 17 18
symbol= BPBTXSEPE
label = 040132646
true probabilities:
     B    T    S    X    P    V    E
1 [ 0.   0.5  0.   0.   0.5  0.   0. ]
10 [ 1.  0.  0.  0.  0.  0.  0.]
11 [ 0.   0.5  0.   0.   0.5  0.   0. ]
12 [ 0.   0.   0.5  0.5  0.   0.   0. ]
13 [ 0.   0.   0.5  0.5  0.   0.   0. ]
14 [ 0.  0.  0.  0.  0.  0.  1.]
17 [ 0.  0.  0.  0.  1.  0.  0.]
18 [ 0.  0.  0.  0.  0.  0.  1.]
hidden activations and output probabilities [BTSXPVE]:
1 [-0.72 -0.53 -0.7  -0.67  0.72 -0.01  0.07  0.08  0.61] [ 0.    0.55  0.    0.    0.44  0.    0.  ]
10 [ 0.64 -0.58 -0.95 -0.25  0.74  0.07  0.81  0.58 -0.44] [ 1.  0.  0.  0.  0.  0.  0.]
11 [-0.38 -0.87 -0.99 -0.52  0.94 -0.66  0.37 -0.3   0.72] [ 0.    0.55  0.    0.    0.44  0.    0.  ]
12 [ 0.74 -0.7   0.72 -0.8  -0.61 -0.36  0.89 -0.38  0.54] [ 0.    0.01  0.45  0.54  0.    0.    0.  ]
13 [ 0.83 -0.77  0.91  0.42 -0.8  -0.84  0.9   0.36  0.38] [ 0.    0.01  0.6   0.38  0.    0.01  0.  ]
14 [ 0.85 -0.4   0.27  0.81 -0.83 -0.46 -0.53 -0.67  0.58] [ 0.  0.  0.  0.  0.  0.  1.]
17 [-0.75 -0.96  0.01  0.02  0.68 -0.81 -0.04 -0.84  0.08] [ 0.    0.54  0.    0.    0.45  0.01  0.  ]
18 [ 0.74 -0.91  0.37  0.83 -0.68 -0.45 -0.52 -0.58  0.5 ] [ 0.  0.  0.  0.  0.  0.  1.]
epoch: 18000
error: 0.0016
final: 0.0852
-----
state =  0 1 10 11 16 15 14 17 18
symbol= BPBPVVEPE
label = 040455646
true probabilities:
     B    T    S    X    P    V    E
1 [ 0.   0.5  0.   0.   0.5  0.   0. ]
10 [ 1.  0.  0.  0.  0.  0.  0.]
11 [ 0.   0.5  0.   0.   0.5  0.   0. ]
16 [ 0.   0.5  0.   0.   0.   0.5  0. ]
15 [ 0.   0.   0.   0.   0.5  0.5  0. ]
14 [ 0.  0.  0.  0.  0.  0.  1.]
17 [ 0.  0.  0.  0.  1.  0.  0.]
18 [ 0.  0.  0.  0.  0.  0.  1.]
hidden activations and output probabilities [BTSXPVE]:
1 [-0.72 -0.52 -0.7  -0.68  0.72 -0.    0.06  0.07  0.61] [ 0.    0.51  0.    0.    0.49  0.    0.  ]
10 [ 0.63 -0.55 -0.95 -0.23  0.75  0.09  0.8   0.59 -0.45] [ 1.  0.  0.  0.  0.  0.  0.]
11 [-0.37 -0.86 -0.99 -0.56  0.94 -0.65  0.31 -0.33  0.72] [ 0.    0.45  0.    0.    0.54  0.    0.  ]
16 [ 0.73 -0.84 -0.98  0.43 -0.45 -0.6   0.91  0.44  0.49] [ 0.    0.36  0.01  0.01  0.01  0.62  0.  ]
15 [ 0.71 -0.1  -0.97  0.89  0.54 -0.96 -0.43 -0.36  0.9 ] [ 0.    0.01  0.    0.    0.42  0.57  0.  ]
14 [ 0.75 -0.1   0.74  0.71 -0.63 -0.98 -0.69 -0.69  0.69] [ 0.  0.  0.  0.  0.  0.  1.]
17 [-0.75 -0.94  0.01  0.02  0.65 -0.78 -0.05 -0.86  0.06] [ 0.    0.5   0.    0.    0.49  0.01  0.  ]
18 [ 0.74 -0.88  0.4   0.86 -0.68 -0.43 -0.72 -0.57  0.5 ] [ 0.  0.  0.  0.  0.  0.  1.]
epoch: 19000
error: 0.0024
final: 0.0731
-----
state =  0 1 10 11 16 15 14 17 18
symbol= BPBPVVEPE
label = 040455646
true probabilities:
     B    T    S    X    P    V    E
1 [ 0.   0.5  0.   0.   0.5  0.   0. ]
10 [ 1.  0.  0.  0.  0.  0.  0.]
11 [ 0.   0.5  0.   0.   0.5  0.   0. ]
16 [ 0.   0.5  0.   0.   0.   0.5  0. ]
15 [ 0.   0.   0.   0.   0.5  0.5  0. ]
14 [ 0.  0.  0.  0.  0.  0.  1.]
17 [ 0.  0.  0.  0.  1.  0.  0.]
18 [ 0.  0.  0.  0.  0.  0.  1.]
hidden activations and output probabilities [BTSXPVE]:
1 [-0.72 -0.51 -0.7  -0.68  0.72 -0.01  0.06  0.01  0.62] [ 0.    0.46  0.    0.    0.53  0.    0.  ]
10 [ 0.61 -0.58 -0.95 -0.28  0.71  0.07  0.81  0.53 -0.39] [ 1.  0.  0.  0.  0.  0.  0.]
11 [-0.39 -0.87 -0.99 -0.58  0.94 -0.65  0.41 -0.31  0.72] [ 0.    0.52  0.    0.    0.48  0.    0.  ]
16 [ 0.72 -0.85 -0.98  0.41 -0.43 -0.62  0.93  0.44  0.55] [ 0.    0.43  0.01  0.    0.01  0.55  0.  ]
15 [ 0.73 -0.09 -0.97  0.89  0.45 -0.96 -0.43 -0.39  0.91] [ 0.    0.01  0.    0.    0.4   0.59  0.  ]
14 [ 0.75 -0.1   0.74  0.7  -0.63 -0.98 -0.69 -0.7   0.69] [ 0.  0.  0.  0.  0.  0.  1.]
17 [-0.75 -0.91  0.02  0.02  0.67 -0.8  -0.05 -0.87  0.06] [ 0.    0.44  0.    0.    0.55  0.01  0.  ]
18 [ 0.73 -0.85  0.47  0.84 -0.68 -0.44 -0.73 -0.63  0.51] [ 0.  0.  0.  0.  0.  0.  1.]
epoch: 20000
error: 0.0012
final: 0.0564
-----
state =  0 1 2 3 8 7 6 9 18
symbol= BTBPVVETE
label = 010455616
true probabilities:
     B    T    S    X    P    V    E
1 [ 0.   0.5  0.   0.   0.5  0.   0. ]
2 [ 1.  0.  0.  0.  0.  0.  0.]
3 [ 0.   0.5  0.   0.   0.5  0.   0. ]
8 [ 0.   0.5  0.   0.   0.   0.5  0. ]
7 [ 0.   0.   0.   0.   0.5  0.5  0. ]
6 [ 0.  0.  0.  0.  0.  0.  1.]
9 [ 0.  1.  0.  0.  0.  0.  0.]
18 [ 0.  0.  0.  0.  0.  0.  1.]
hidden activations and output probabilities [BTSXPVE]:
1 [-0.72 -0.52 -0.7  -0.68  0.72 -0.02  0.06  0.05  0.61] [ 0.    0.52  0.    0.    0.48  0.    0.  ]
2 [ 0.66 -0.46 -0.61 -0.92  0.24 -0.01  0.81 -0.02 -0.51] [ 1.  0.  0.  0.  0.  0.  0.]
3 [-0.12 -0.9  -0.93 -0.7   0.82 -0.7   0.33 -0.19  0.69] [ 0.    0.54  0.    0.    0.46  0.    0.  ]
8 [ 0.72 -0.85 -0.97  0.46 -0.38 -0.65  0.95  0.53  0.52] [ 0.    0.38  0.01  0.    0.01  0.6   0.  ]
7 [ 0.72 -0.08 -0.95  0.9   0.54 -0.97 -0.48 -0.37  0.91] [ 0.    0.01  0.    0.    0.45  0.54  0.  ]
6 [ 0.75 -0.09  0.74  0.72 -0.62 -0.98 -0.7  -0.71  0.66] [ 0.  0.  0.  0.  0.  0.  1.]
9 [-0.75 -0.94  0.02  0.02  0.64 -0.8  -0.04 -0.87  0.06] [ 0.    0.52  0.    0.    0.47  0.01  0.  ]
18 [ 0.72 -0.77  0.75  0.92 -0.72 -0.15 -0.83 -0.9   0.6 ] [ 0.  0.  0.  0.  0.  0.  1.]
epoch: 21000
error: 0.0015
final: 0.0644
-----
state =  0 1 10 11 12 12 12 13 14 17 18
symbol= BPBTSSXSEPE
label = 04012232646
true probabilities:
     B    T    S    X    P    V    E
1 [ 0.   0.5  0.   0.   0.5  0.   0. ]
10 [ 1.  0.  0.  0.  0.  0.  0.]
11 [ 0.   0.5  0.   0.   0.5  0.   0. ]
12 [ 0.   0.   0.5  0.5  0.   0.   0. ]
12 [ 0.   0.   0.5  0.5  0.   0.   0. ]
12 [ 0.   0.   0.5  0.5  0.   0.   0. ]
13 [ 0.   0.   0.5  0.5  0.   0.   0. ]
14 [ 0.  0.  0.  0.  0.  0.  1.]
17 [ 0.  0.  0.  0.  1.  0.  0.]
18 [ 0.  0.  0.  0.  0.  0.  1.]
hidden activations and output probabilities [BTSXPVE]:
1 [-0.72 -0.52 -0.7  -0.68  0.72  0.    0.06  0.04  0.61] [ 0.    0.49  0.    0.    0.5   0.    0.  ]
10 [ 0.59 -0.56 -0.95 -0.17  0.75  0.07  0.8   0.57 -0.45] [ 1.  0.  0.  0.  0.  0.  0.]
11 [-0.42 -0.87 -0.99 -0.57  0.94 -0.65  0.32 -0.34  0.72] [ 0.    0.48  0.    0.    0.52  0.    0.  ]
12 [ 0.74 -0.67  0.72 -0.83 -0.61 -0.28  0.88 -0.43  0.48] [ 0.    0.01  0.48  0.51  0.    0.    0.  ]
12 [ 0.94 -0.48  0.94 -0.88 -0.85 -0.52  0.48 -0.45  0.38] [ 0.    0.    0.47  0.53  0.    0.    0.  ]
12 [ 0.98 -0.46  0.97 -0.92 -0.9  -0.5   0.32 -0.33  0.21] [ 0.    0.    0.48  0.52  0.    0.    0.  ]
13 [ 0.91 -0.74  0.89  0.35 -0.86 -0.83  0.7   0.16  0.15] [ 0.    0.    0.59  0.4   0.    0.    0.  ]
14 [ 0.75 -0.45  0.3   0.73 -0.84 -0.47 -0.52 -0.64  0.46] [ 0.  0.  0.  0.  0.  0.  1.]
17 [-0.75 -0.95  0.02  0.03  0.7  -0.8  -0.04 -0.83  0.09] [ 0.    0.49  0.    0.    0.51  0.    0.  ]
18 [ 0.73 -0.88  0.43  0.81 -0.68 -0.42 -0.55 -0.57  0.5 ] [ 0.  0.  0.  0.  0.  0.  1.]
epoch: 22000
error: 0.0006
final: 0.0686
-----
state =  0 1 2 3 4 5 6 9 18
symbol= BTBTXSETE
label = 010132616
true probabilities:
     B    T    S    X    P    V    E
1 [ 0.   0.5  0.   0.   0.5  0.   0. ]
2 [ 1.  0.  0.  0.  0.  0.  0.]
3 [ 0.   0.5  0.   0.   0.5  0.   0. ]
4 [ 0.   0.   0.5  0.5  0.   0.   0. ]
5 [ 0.   0.   0.5  0.5  0.   0.   0. ]
6 [ 0.  0.  0.  0.  0.  0.  1.]
9 [ 0.  1.  0.  0.  0.  0.  0.]
18 [ 0.  0.  0.  0.  0.  0.  1.]
hidden activations and output probabilities [BTSXPVE]:
1 [-0.72 -0.51 -0.7  -0.68  0.72  0.    0.05  0.04  0.62] [ 0.    0.48  0.    0.    0.52  0.    0.  ]
2 [ 0.64 -0.46 -0.64 -0.93  0.23  0.    0.8  -0.02 -0.53] [ 1.  0.  0.  0.  0.  0.  0.]
3 [-0.15 -0.89 -0.94 -0.73  0.81 -0.67  0.3  -0.2   0.69] [ 0.    0.49  0.    0.    0.51  0.    0.  ]
4 [ 0.73 -0.65  0.67 -0.89 -0.59 -0.32  0.93 -0.27  0.47] [ 0.    0.01  0.45  0.54  0.    0.    0.  ]
5 [ 0.83 -0.73  0.9   0.26 -0.76 -0.85  0.9   0.36  0.35] [ 0.    0.    0.58  0.41  0.    0.01  0.  ]
6 [ 0.76 -0.39  0.41  0.72 -0.82 -0.5  -0.48 -0.66  0.62] [ 0.  0.  0.  0.  0.  0.  1.]
9 [-0.75 -0.94  0.02  0.03  0.69 -0.82 -0.05 -0.85  0.09] [ 0.    0.47  0.    0.    0.53  0.    0.  ]
18 [ 0.72 -0.76  0.75  0.7  -0.72 -0.15 -0.7  -0.89  0.58] [ 0.  0.  0.  0.  0.  0.  1.]
epoch: 23000
error: 0.0009
final: 0.0803
-----
state =  0 1 10 11 12 13 16 16 16 16 15 14 17 18
symbol= BPBTXXTTTVVEPE
label = 04013311155646
true probabilities:
     B    T    S    X    P    V    E
1 [ 0.   0.5  0.   0.   0.5  0.   0. ]
10 [ 1.  0.  0.  0.  0.  0.  0.]
11 [ 0.   0.5  0.   0.   0.5  0.   0. ]
12 [ 0.   0.   0.5  0.5  0.   0.   0. ]
13 [ 0.   0.   0.5  0.5  0.   0.   0. ]
16 [ 0.   0.5  0.   0.   0.   0.5  0. ]
16 [ 0.   0.5  0.   0.   0.   0.5  0. ]
16 [ 0.   0.5  0.   0.   0.   0.5  0. ]
16 [ 0.   0.5  0.   0.   0.   0.5  0. ]
15 [ 0.   0.   0.   0.   0.5  0.5  0. ]
14 [ 0.  0.  0.  0.  0.  0.  1.]
17 [ 0.  0.  0.  0.  1.  0.  0.]
18 [ 0.  0.  0.  0.  0.  0.  1.]
hidden activations and output probabilities [BTSXPVE]:
1 [-0.72 -0.51 -0.7  -0.68  0.72  0.    0.05  0.04  0.62] [ 0.    0.47  0.    0.    0.52  0.    0.  ]
10 [ 0.57 -0.53 -0.95 -0.07  0.76  0.05  0.8   0.57 -0.44] [ 1.  0.  0.  0.  0.  0.  0.]
11 [-0.44 -0.85 -0.98 -0.5   0.94 -0.66  0.28 -0.35  0.72] [ 0.    0.44  0.    0.    0.56  0.    0.  ]
12 [ 0.73 -0.65  0.73 -0.79 -0.62 -0.26  0.87 -0.41  0.5 ] [ 0.    0.01  0.43  0.57  0.    0.    0.  ]
13 [ 0.78 -0.75  0.91  0.36 -0.77 -0.84  0.88  0.34  0.29] [ 0.    0.01  0.56  0.43  0.    0.01  0.  ]
16 [-0.6  -0.71  0.07  0.85 -0.71 -0.83  0.81  0.68  0.57] [ 0.    0.52  0.    0.    0.    0.48  0.  ]
16 [-0.7  -0.49 -0.11  0.96 -0.07 -0.12  0.83  0.79  0.69] [ 0.    0.45  0.    0.    0.    0.54  0.  ]
16 [-0.61 -0.46 -0.4   0.98  0.11 -0.14  0.87  0.73  0.33] [ 0.    0.47  0.    0.    0.    0.52  0.  ]
16 [-0.63 -0.5  -0.38  0.98 -0.02 -0.19  0.86  0.66  0.46] [ 0.    0.47  0.    0.    0.    0.53  0.  ]
15 [ 0.68 -0.05 -0.74  1.    0.69 -0.93 -0.49 -0.27  0.87] [ 0.    0.01  0.    0.    0.39  0.6   0.  ]
14 [ 0.75 -0.08  0.74  0.76 -0.61 -0.98 -0.7  -0.69  0.64] [ 0.  0.  0.  0.  0.  0.  1.]
17 [-0.75 -0.87  0.01  0.02  0.65 -0.8  -0.04 -0.86  0.05] [ 0.    0.48  0.    0.    0.51  0.01  0.  ]
18 [ 0.72 -0.73  0.45  0.86 -0.68 -0.41 -0.7  -0.56  0.5 ] [ 0.  0.  0.  0.  0.  0.  1.]
epoch: 24000
error: 0.0010
final: 0.0673
-----
state =  0 1 2 3 8 8 8 7 6 9 18
symbol= BTBPTTVVETE
label = 01041155616
true probabilities:
     B    T    S    X    P    V    E
1 [ 0.   0.5  0.   0.   0.5  0.   0. ]
2 [ 1.  0.  0.  0.  0.  0.  0.]
3 [ 0.   0.5  0.   0.   0.5  0.   0. ]
8 [ 0.   0.5  0.   0.   0.   0.5  0. ]
8 [ 0.   0.5  0.   0.   0.   0.5  0. ]
8 [ 0.   0.5  0.   0.   0.   0.5  0. ]
7 [ 0.   0.   0.   0.   0.5  0.5  0. ]
6 [ 0.  0.  0.  0.  0.  0.  1.]
9 [ 0.  1.  0.  0.  0.  0.  0.]
18 [ 0.  0.  0.  0.  0.  0.  1.]
hidden activations and output probabilities [BTSXPVE]:
1 [-0.72 -0.51 -0.7  -0.68  0.72  0.01  0.06  0.06  0.61] [ 0.    0.56  0.    0.    0.44  0.    0.  ]
2 [ 0.64 -0.47 -0.73 -0.92  0.29  0.    0.8  -0.04 -0.52] [ 1.  0.  0.  0.  0.  0.  0.]
3 [-0.12 -0.9  -0.95 -0.74  0.83 -0.68  0.32 -0.22  0.7 ] [ 0.    0.59  0.    0.    0.4   0.    0.  ]
8 [ 0.69 -0.86 -0.98  0.45 -0.4  -0.59  0.95  0.51  0.49] [ 0.    0.46  0.    0.    0.    0.52  0.  ]
8 [-0.57 -0.55 -0.46  0.87 -0.58 -0.5   0.87  0.57  0.71] [ 0.    0.44  0.    0.    0.    0.56  0.  ]
8 [-0.61 -0.46 -0.36  0.96 -0.18 -0.18  0.89  0.7   0.71] [ 0.    0.4   0.    0.    0.    0.59  0.  ]
7 [ 0.7  -0.04 -0.75  0.99  0.69 -0.93 -0.47 -0.27  0.93] [ 0.    0.01  0.    0.    0.36  0.63  0.  ]
6 [ 0.75 -0.08  0.75  0.77 -0.64 -0.98 -0.7  -0.7   0.61] [ 0.  0.  0.  0.  0.  0.  1.]
9 [-0.75 -0.85  0.01  0.02  0.62 -0.78 -0.04 -0.84  0.04] [ 0.    0.6   0.    0.    0.39  0.01  0.  ]
18 [ 0.7  -0.71  0.75  0.98 -0.72 -0.14 -0.79 -0.89  0.59] [ 0.  0.  0.  0.  0.  0.  1.]
epoch: 25000
error: 0.0024
final: 0.0442
-----
state =  0 1 2 3 8 7 5 8 7 5 6 9 18
symbol= BTBPVPXVPSETE
label = 0104543542616
true probabilities:
     B    T    S    X    P    V    E
1 [ 0.   0.5  0.   0.   0.5  0.   0. ]
2 [ 1.  0.  0.  0.  0.  0.  0.]
3 [ 0.   0.5  0.   0.   0.5  0.   0. ]
8 [ 0.   0.5  0.   0.   0.   0.5  0. ]
7 [ 0.   0.   0.   0.   0.5  0.5  0. ]
5 [ 0.   0.   0.5  0.5  0.   0.   0. ]
8 [ 0.   0.5  0.   0.   0.   0.5  0. ]
7 [ 0.   0.   0.   0.   0.5  0.5  0. ]
5 [ 0.   0.   0.5  0.5  0.   0.   0. ]
6 [ 0.  0.  0.  0.  0.  0.  1.]
9 [ 0.  1.  0.  0.  0.  0.  0.]
18 [ 0.  0.  0.  0.  0.  0.  1.]
hidden activations and output probabilities [BTSXPVE]:
1 [-0.71 -0.51 -0.7  -0.66  0.72 -0.04  0.05 -0.03  0.63] [ 0.    0.48  0.    0.    0.51  0.    0.  ]
2 [ 0.64 -0.5  -0.72 -0.91  0.17 -0.02  0.79 -0.2  -0.48] [ 1.  0.  0.  0.  0.  0.  0.]
3 [-0.   -0.9  -0.95 -0.74  0.79 -0.71  0.29 -0.23  0.7 ] [ 0.    0.53  0.    0.    0.47  0.    0.  ]
8 [ 0.68 -0.87 -0.98  0.48 -0.4  -0.6   0.95  0.48  0.5 ] [ 0.    0.49  0.    0.    0.    0.5   0.  ]
7 [ 0.72 -0.06 -0.96  0.91  0.55 -0.96 -0.5  -0.44  0.91] [ 0.    0.01  0.    0.    0.45  0.54  0.  ]
5 [ 0.75 -0.85  0.72  0.05 -0.73 -0.78  0.1   0.46  0.06] [ 0.    0.01  0.62  0.37  0.    0.    0.  ]
8 [-0.55 -0.67  0.08  0.92 -0.62 -0.72  0.67  0.65  0.43] [ 0.    0.47  0.01  0.    0.    0.52  0.  ]
7 [ 0.53 -0.05 -0.6   0.99  0.69 -0.9  -0.58 -0.21  0.94] [ 0.    0.01  0.    0.    0.46  0.53  0.  ]
5 [ 0.75 -0.8   0.73  0.05 -0.7  -0.7  -0.06  0.61  0.08] [ 0.    0.01  0.62  0.37  0.    0.    0.  ]
6 [ 0.44 -0.33  0.25  0.94 -0.74 -0.29 -0.4  -0.58  0.45] [ 0.  0.  0.  0.  0.  0.  1.]
9 [-0.75 -0.45  0.01  0.03  0.69 -0.76 -0.04 -0.83  0.12] [ 0.    0.41  0.    0.    0.58  0.01  0.  ]
18 [ 0.69 -0.5   0.75  0.95 -0.7  -0.15 -0.66 -0.89  0.46] [ 0.  0.  0.  0.  0.  0.  1.]
epoch: 26000
error: 0.0015
final: 0.0986
-----
state =  0 1 2 3 8 8 8 8 7 6 9 18
symbol= BTBPTTTVVETE
label = 010411155616
true probabilities:
     B    T    S    X    P    V    E
1 [ 0.   0.5  0.   0.   0.5  0.   0. ]
2 [ 1.  0.  0.  0.  0.  0.  0.]
3 [ 0.   0.5  0.   0.   0.5  0.   0. ]
8 [ 0.   0.5  0.   0.   0.   0.5  0. ]
8 [ 0.   0.5  0.   0.   0.   0.5  0. ]
8 [ 0.   0.5  0.   0.   0.   0.5  0. ]
8 [ 0.   0.5  0.   0.   0.   0.5  0. ]
7 [ 0.   0.   0.   0.   0.5  0.5  0. ]
6 [ 0.  0.  0.  0.  0.  0.  1.]
9 [ 0.  1.  0.  0.  0.  0.  0.]
18 [ 0.  0.  0.  0.  0.  0.  1.]
hidden activations and output probabilities [BTSXPVE]:
1 [-0.71 -0.52 -0.71 -0.65  0.73 -0.04  0.04 -0.05  0.63] [ 0.    0.54  0.    0.    0.45  0.    0.  ]
2 [ 0.64 -0.49 -0.75 -0.91  0.25 -0.02  0.76 -0.42 -0.43] [ 1.  0.  0.  0.  0.  0.  0.]
3 [ 0.4  -0.91 -0.96 -0.76  0.8  -0.72  0.26 -0.23  0.7 ] [ 0.    0.51  0.    0.    0.48  0.    0.  ]
8 [ 0.71 -0.87 -0.99  0.55 -0.46 -0.68  0.94  0.46  0.48] [ 0.    0.46  0.    0.    0.    0.53  0.  ]
8 [-0.51 -0.52 -0.55  0.91 -0.58 -0.5   0.81  0.47  0.75] [ 0.   0.4  0.   0.   0.   0.6  0. ]
8 [-0.57 -0.47 -0.33  0.98 -0.1  -0.19  0.8   0.46  0.76] [ 0.    0.45  0.    0.    0.    0.55  0.  ]
8 [-0.44 -0.49 -0.45  0.98 -0.23 -0.18  0.74  0.14  0.71] [ 0.    0.42  0.    0.    0.01  0.58  0.  ]
7 [ 0.73 -0.07 -0.72  1.    0.6  -0.91 -0.57 -0.6   0.93] [ 0.    0.01  0.    0.    0.49  0.5   0.  ]
6 [ 0.75 -0.11  0.75  0.73 -0.7  -0.94 -0.68 -0.86  0.46] [ 0.  0.  0.  0.  0.  0.  1.]
9 [-0.75 -0.79  0.01  0.02  0.49 -0.82 -0.02 -0.85  0.04] [ 0.    0.75  0.    0.    0.24  0.01  0.  ]
18 [ 0.7  -0.5   0.75  0.98 -0.72 -0.12 -0.86 -0.96  0.58] [ 0.  0.  0.  0.  0.  0.  1.]
epoch: 27000
error: 0.0009
final: 0.0167
-----
state =  0 1 2 3 8 8 7 6 9 18
symbol= BTBPTVVETE
label = 0104155616
true probabilities:
     B    T    S    X    P    V    E
1 [ 0.   0.5  0.   0.   0.5  0.   0. ]
2 [ 1.  0.  0.  0.  0.  0.  0.]
3 [ 0.   0.5  0.   0.   0.5  0.   0. ]
8 [ 0.   0.5  0.   0.   0.   0.5  0. ]
8 [ 0.   0.5  0.   0.   0.   0.5  0. ]
7 [ 0.   0.   0.   0.   0.5  0.5  0. ]
6 [ 0.  0.  0.  0.  0.  0.  1.]
9 [ 0.  1.  0.  0.  0.  0.  0.]
18 [ 0.  0.  0.  0.  0.  0.  1.]
hidden activations and output probabilities [BTSXPVE]:
1 [-0.71 -0.51 -0.71 -0.65  0.73 -0.04  0.03 -0.09  0.64] [ 0.    0.53  0.    0.    0.47  0.    0.  ]
2 [ 0.63 -0.47 -0.73 -0.91  0.09 -0.01  0.75 -0.47 -0.41] [ 1.  0.  0.  0.  0.  0.  0.]
3 [ 0.41 -0.9  -0.95 -0.78  0.76 -0.7   0.22 -0.13  0.7 ] [ 0.    0.56  0.    0.    0.44  0.    0.  ]
8 [ 0.68 -0.85 -0.99  0.55 -0.39 -0.68  0.94  0.54  0.51] [ 0.    0.5   0.    0.    0.    0.49  0.  ]
8 [-0.41 -0.46 -0.6   0.92 -0.63 -0.58  0.83  0.52  0.79] [ 0.    0.33  0.    0.    0.    0.66  0.  ]
7 [ 0.71 -0.04 -0.77  0.99  0.67 -0.94 -0.5  -0.32  0.96] [ 0.    0.01  0.    0.    0.46  0.53  0.  ]
6 [ 0.75 -0.09  0.75  0.79 -0.68 -0.93 -0.69 -0.79  0.64] [ 0.  0.  0.  0.  0.  0.  1.]
9 [-0.75 -0.86  0.01  0.01  0.47 -0.86 -0.03 -0.88  0.04] [ 0.    0.83  0.    0.    0.16  0.    0.  ]
18 [ 0.7  -0.45  0.75  0.98 -0.73 -0.13 -0.86 -0.96  0.63] [ 0.  0.  0.  0.  0.  0.  1.]
epoch: 28000
error: 0.0023
final: 0.0077
-----
state =  0 1 2 3 8 7 5 6 9 18
symbol= BTBPVPSETE
label = 0104542616
true probabilities:
     B    T    S    X    P    V    E
1 [ 0.   0.5  0.   0.   0.5  0.   0. ]
2 [ 1.  0.  0.  0.  0.  0.  0.]
3 [ 0.   0.5  0.   0.   0.5  0.   0. ]
8 [ 0.   0.5  0.   0.   0.   0.5  0. ]
7 [ 0.   0.   0.   0.   0.5  0.5  0. ]
5 [ 0.   0.   0.5  0.5  0.   0.   0. ]
6 [ 0.  0.  0.  0.  0.  0.  1.]
9 [ 0.  1.  0.  0.  0.  0.  0.]
18 [ 0.  0.  0.  0.  0.  0.  1.]
hidden activations and output probabilities [BTSXPVE]:
1 [-0.71 -0.51 -0.71 -0.65  0.73 -0.02  0.03 -0.1   0.64] [ 0.    0.53  0.    0.    0.47  0.    0.  ]
2 [ 0.62 -0.47 -0.72 -0.92  0.08 -0.    0.75 -0.47 -0.45] [ 1.  0.  0.  0.  0.  0.  0.]
3 [ 0.43 -0.9  -0.95 -0.79  0.76 -0.67  0.19 -0.11  0.69] [ 0.    0.56  0.    0.    0.44  0.    0.  ]
8 [ 0.67 -0.84 -0.99  0.55 -0.43 -0.65  0.94  0.57  0.48] [ 0.    0.52  0.    0.    0.    0.48  0.  ]
7 [ 0.74 -0.05 -0.98  0.93  0.55 -0.96 -0.5  -0.33  0.93] [ 0.    0.01  0.    0.    0.47  0.52  0.  ]
5 [ 0.73 -0.87  0.68  0.05 -0.74 -0.79  0.3   0.51  0.08] [ 0.    0.02  0.57  0.41  0.    0.    0.  ]
6 [ 0.6  -0.36  0.41  0.94 -0.8  -0.63 -0.44 -0.65  0.69] [ 0.  0.  0.  0.  0.  0.  1.]
9 [-0.75 -0.94  0.01  0.02  0.54 -0.9  -0.04 -0.9   0.09] [ 0.    0.87  0.    0.    0.13  0.    0.  ]
18 [ 0.71 -0.6   0.75  0.95 -0.74 -0.14 -0.77 -0.95  0.61] [ 0.  0.  0.  0.  0.  0.  1.]
epoch: 29000
error: 0.0008
final: 0.0050
-----
state =  0 1 10 11 12 12 12 12 12 12 13 16 16 15 14 17 18
symbol= BPBTSSSSSXXTVVEPE
label = 04012222233155646
true probabilities:
     B    T    S    X    P    V    E
1 [ 0.   0.5  0.   0.   0.5  0.   0. ]
10 [ 1.  0.  0.  0.  0.  0.  0.]
11 [ 0.   0.5  0.   0.   0.5  0.   0. ]
12 [ 0.   0.   0.5  0.5  0.   0.   0. ]
12 [ 0.   0.   0.5  0.5  0.   0.   0. ]
12 [ 0.   0.   0.5  0.5  0.   0.   0. ]
12 [ 0.   0.   0.5  0.5  0.   0.   0. ]
12 [ 0.   0.   0.5  0.5  0.   0.   0. ]
12 [ 0.   0.   0.5  0.5  0.   0.   0. ]
13 [ 0.   0.   0.5  0.5  0.   0.   0. ]
16 [ 0.   0.5  0.   0.   0.   0.5  0. ]
16 [ 0.   0.5  0.   0.   0.   0.5  0. ]
15 [ 0.   0.   0.   0.   0.5  0.5  0. ]
14 [ 0.  0.  0.  0.  0.  0.  1.]
17 [ 0.  0.  0.  0.  1.  0.  0.]
18 [ 0.  0.  0.  0.  0.  0.  1.]
hidden activations and output probabilities [BTSXPVE]:
1 [-0.7  -0.5  -0.71 -0.65  0.73 -0.01  0.02 -0.07  0.64] [ 0.    0.49  0.    0.    0.5   0.    0.  ]
10 [ 0.37 -0.48 -0.95  0.36  0.75  0.11  0.75  0.41 -0.44] [ 1.  0.  0.  0.  0.  0.  0.]
11 [-0.59 -0.8  -0.96 -0.09  0.92 -0.47 -0.09 -0.59  0.71] [ 0.    0.43  0.    0.    0.57  0.    0.  ]
12 [ 0.7  -0.57  0.73 -0.52 -0.67 -0.09  0.37 -0.84  0.5 ] [ 0.    0.    0.47  0.52  0.    0.    0.  ]
12 [ 0.93 -0.21  0.94 -0.76 -0.83 -0.55  0.12 -0.48  0.16] [ 0.    0.    0.47  0.53  0.    0.    0.  ]
12 [ 0.97 -0.02  0.97 -0.81 -0.87 -0.68  0.11 -0.28  0.12] [ 0.    0.    0.47  0.52  0.    0.    0.  ]
12 [ 0.99  0.    0.98 -0.82 -0.88 -0.74  0.14 -0.24  0.11] [ 0.    0.    0.48  0.52  0.    0.    0.  ]
12 [ 0.99 -0.01  0.98 -0.83 -0.9  -0.77  0.16 -0.24  0.11] [ 0.    0.    0.47  0.53  0.    0.    0.  ]
12 [ 0.99 -0.03  0.98 -0.84 -0.91 -0.79  0.18 -0.25  0.12] [ 0.    0.    0.47  0.53  0.    0.    0.  ]
13 [ 0.98 -0.32  0.88  0.44 -0.85 -0.93  0.56  0.13  0.07] [ 0.    0.    0.6   0.39  0.    0.    0.  ]
16 [-0.49 -0.43  0.05  0.79 -0.74 -0.96  0.65  0.71  0.36] [ 0.    0.46  0.01  0.    0.    0.53  0.  ]
16 [-0.73 -0.37 -0.06  0.96 -0.25 -0.33  0.8   0.73  0.8 ] [ 0.    0.42  0.    0.    0.    0.58  0.  ]
15 [ 0.7  -0.03 -0.73  0.99  0.69 -0.94 -0.49 -0.26  0.96] [ 0.    0.01  0.    0.    0.47  0.52  0.  ]
14 [ 0.75 -0.03  0.75  0.81 -0.7  -0.92 -0.68 -0.77  0.7 ] [ 0.  0.  0.  0.  0.  0.  1.]
17 [-0.75  0.56  0.01  0.01  0.1  -0.92 -0.02 -0.91  0.04] [ 0.    0.18  0.01  0.02  0.73  0.05  0.02]
18 [ 0.5   0.65  0.38  0.45 -0.56 -0.38 -0.58 -0.76  0.15] [ 0.  0.  0.  0.  0.  0.  1.]
epoch: 30000
error: 0.0008
final: 0.0156
-----
state =  0 1 10 11 16 15 14 17 18
symbol= BPBPVVEPE
label = 040455646
true probabilities:
     B    T    S    X    P    V    E
1 [ 0.   0.5  0.   0.   0.5  0.   0. ]
10 [ 1.  0.  0.  0.  0.  0.  0.]
11 [ 0.   0.5  0.   0.   0.5  0.   0. ]
16 [ 0.   0.5  0.   0.   0.   0.5  0. ]
15 [ 0.   0.   0.   0.   0.5  0.5  0. ]
14 [ 0.  0.  0.  0.  0.  0.  1.]
17 [ 0.  0.  0.  0.  1.  0.  0.]
18 [ 0.  0.  0.  0.  0.  0.  1.]
hidden activations and output probabilities [BTSXPVE]:
1 [-0.7  -0.51 -0.71 -0.65  0.73  0.    0.02 -0.04  0.64] [ 0.    0.53  0.    0.    0.47  0.    0.  ]
10 [ 0.37 -0.47 -0.95  0.38  0.77  0.11  0.75  0.46 -0.45] [ 1.  0.  0.  0.  0.  0.  0.]
11 [-0.6  -0.8  -0.95 -0.02  0.93 -0.46 -0.06 -0.57  0.71] [ 0.    0.48  0.    0.    0.52  0.    0.  ]
16 [ 0.56 -0.6  -0.88  0.59 -0.61 -0.01  0.64 -0.06  0.47] [ 0.    0.33  0.01  0.    0.    0.65  0.  ]
15 [ 0.74 -0.04 -0.92  0.94  0.53 -0.34 -0.45 -0.45  0.89] [ 0.    0.01  0.    0.    0.45  0.54  0.  ]
14 [ 0.74  0.02  0.73  0.75 -0.63  0.03 -0.59 -0.8   0.61] [ 0.  0.  0.  0.  0.  0.  1.]
17 [-0.73  0.8   0.01  0.    0.55 -0.55 -0.01 -0.86  0.04] [ 0.    0.05  0.    0.    0.92  0.02  0.  ]
18 [ 0.35  0.65  0.21  0.25 -0.4  -0.   -0.57 -0.8   0.03] [ 0.  0.  0.  0.  0.  0.  1.]
epoch: 31000
error: 0.0026
final: 0.0012
-----
state =  0 1 10 11 16 15 14 17 18
symbol= BPBPVVEPE
label = 040455646
true probabilities:
     B    T    S    X    P    V    E
1 [ 0.   0.5  0.   0.   0.5  0.   0. ]
10 [ 1.  0.  0.  0.  0.  0.  0.]
11 [ 0.   0.5  0.   0.   0.5  0.   0. ]
16 [ 0.   0.5  0.   0.   0.   0.5  0. ]
15 [ 0.   0.   0.   0.   0.5  0.5  0. ]
14 [ 0.  0.  0.  0.  0.  0.  1.]
17 [ 0.  0.  0.  0.  1.  0.  0.]
18 [ 0.  0.  0.  0.  0.  0.  1.]
hidden activations and output probabilities [BTSXPVE]:
1 [-0.71 -0.51 -0.71 -0.65  0.73  0.01  0.02 -0.03  0.64] [ 0.    0.54  0.    0.    0.46  0.    0.  ]
10 [ 0.34 -0.48 -0.95  0.39  0.75  0.12  0.75  0.47 -0.49] [ 1.  0.  0.  0.  0.  0.  0.]
11 [-0.62 -0.81 -0.95 -0.06  0.93 -0.43 -0.07 -0.58  0.71] [ 0.    0.5   0.    0.    0.49  0.    0.  ]
16 [ 0.52 -0.6  -0.9   0.59 -0.61  0.02  0.64 -0.06  0.41] [ 0.    0.4   0.01  0.    0.    0.59  0.  ]
15 [ 0.73 -0.04 -0.93  0.94  0.57 -0.25 -0.46 -0.47  0.88] [ 0.    0.01  0.    0.    0.47  0.52  0.  ]
14 [ 0.74  0.03  0.73  0.73 -0.62  0.15 -0.59 -0.81  0.58] [ 0.  0.  0.  0.  0.  0.  1.]
17 [-0.73  0.82  0.01  0.    0.58 -0.52 -0.01 -0.87  0.04] [ 0.    0.03  0.    0.    0.94  0.02  0.  ]
18 [ 0.31  0.66  0.33  0.23 -0.41  0.02 -0.57 -0.81  0.01] [ 0.  0.  0.  0.  0.  0.  1.]
epoch: 32000
error: 0.0009
final: 0.0007
-----
state =  0 1 2 3 4 4 5 8 7 5 8 8 8 8 7 6 9 18
symbol= BTBTSXXVPXTTTVVETE
label = 010123354311155616
true probabilities:
     B    T    S    X    P    V    E
1 [ 0.   0.5  0.   0.   0.5  0.   0. ]
2 [ 1.  0.  0.  0.  0.  0.  0.]
3 [ 0.   0.5  0.   0.   0.5  0.   0. ]
4 [ 0.   0.   0.5  0.5  0.   0.   0. ]
4 [ 0.   0.   0.5  0.5  0.   0.   0. ]
5 [ 0.   0.   0.5  0.5  0.   0.   0. ]
8 [ 0.   0.5  0.   0.   0.   0.5  0. ]
7 [ 0.   0.   0.   0.   0.5  0.5  0. ]
5 [ 0.   0.   0.5  0.5  0.   0.   0. ]
8 [ 0.   0.5  0.   0.   0.   0.5  0. ]
8 [ 0.   0.5  0.   0.   0.   0.5  0. ]
8 [ 0.   0.5  0.   0.   0.   0.5  0. ]
8 [ 0.   0.5  0.   0.   0.   0.5  0. ]
7 [ 0.   0.   0.   0.   0.5  0.5  0. ]
6 [ 0.  0.  0.  0.  0.  0.  1.]
9 [ 0.  1.  0.  0.  0.  0.  0.]
18 [ 0.  0.  0.  0.  0.  0.  1.]
hidden activations and output probabilities [BTSXPVE]:
1 [-0.71 -0.5  -0.71 -0.66  0.73  0.01  0.02 -0.04  0.65] [ 0.   0.5  0.   0.   0.5  0.   0. ]
2 [ 0.58 -0.43 -0.75 -0.92  0.23  0.01  0.73 -0.38 -0.52] [ 1.  0.  0.  0.  0.  0.  0.]
3 [ 0.42 -0.88 -0.95 -0.8   0.81 -0.62  0.15 -0.13  0.7 ] [ 0.    0.5   0.    0.    0.49  0.    0.  ]
4 [ 0.76 -0.54  0.64 -0.91 -0.61 -0.42  0.9  -0.34  0.6 ] [ 0.    0.01  0.44  0.55  0.    0.    0.  ]
4 [ 0.95 -0.37  0.94 -0.94 -0.86 -0.81  0.62 -0.48  0.58] [ 0.    0.    0.43  0.57  0.    0.    0.  ]
5 [ 0.97 -0.62  0.96  0.21 -0.82 -0.92  0.8   0.28  0.3 ] [ 0.    0.    0.59  0.41  0.    0.    0.  ]
8 [-0.27 -0.62  0.12  0.8  -0.74 -0.95  0.78  0.74  0.69] [ 0.    0.5   0.01  0.01  0.    0.49  0.  ]
7 [ 0.67 -0.05 -0.59  0.97  0.61 -0.95 -0.52 -0.08  0.98] [ 0.    0.01  0.    0.    0.41  0.58  0.  ]
5 [ 0.73 -0.85  0.72  0.05 -0.74 -0.8   0.38  0.65  0.15] [ 0.    0.02  0.59  0.39  0.    0.    0.  ]
8 [-0.5  -0.59 -0.05  0.95 -0.53 -0.91  0.74  0.76  0.78] [ 0.    0.48  0.    0.    0.    0.52  0.  ]
8 [-0.66 -0.45 -0.22  0.99 -0.57 -0.44  0.79  0.71  0.92] [ 0.    0.39  0.    0.    0.    0.61  0.  ]
8 [-0.66 -0.42 -0.3   0.99 -0.26 -0.38  0.85  0.63  0.88] [ 0.    0.46  0.    0.    0.    0.54  0.  ]
8 [-0.54 -0.44 -0.45  0.99 -0.43 -0.37  0.87  0.41  0.85] [ 0.    0.45  0.    0.    0.    0.55  0.  ]
7 [ 0.73 -0.05 -0.77  1.    0.61 -0.88 -0.47 -0.43  0.97] [ 0.    0.01  0.    0.    0.49  0.5   0.  ]
6 [ 0.75 -0.1   0.75  0.79 -0.73 -0.76 -0.66 -0.81  0.65] [ 0.  0.  0.  0.  0.  0.  1.]
9 [-0.75 -0.98  0.01  0.01 -0.15 -0.9  -0.02 -0.94  0.07] [ 0.    0.97  0.    0.    0.02  0.    0.  ]
18 [ 0.67 -0.68  0.73  0.99 -0.75 -0.15 -0.77 -0.93  0.71] [ 0.  0.  0.  0.  0.  0.  1.]
epoch: 33000
error: 0.0012
final: 0.0002
-----
state =  0 1 10 11 12 13 14 17 18
symbol= BPBTXSEPE
label = 040132646
true probabilities:
     B    T    S    X    P    V    E
1 [ 0.   0.5  0.   0.   0.5  0.   0. ]
10 [ 1.  0.  0.  0.  0.  0.  0.]
11 [ 0.   0.5  0.   0.   0.5  0.   0. ]
12 [ 0.   0.   0.5  0.5  0.   0.   0. ]
13 [ 0.   0.   0.5  0.5  0.   0.   0. ]
14 [ 0.  0.  0.  0.  0.  0.  1.]
17 [ 0.  0.  0.  0.  1.  0.  0.]
18 [ 0.  0.  0.  0.  0.  0.  1.]
hidden activations and output probabilities [BTSXPVE]:
1 [-0.7  -0.5  -0.71 -0.66  0.73  0.01  0.02 -0.02  0.65] [ 0.   0.5  0.   0.   0.5  0.   0. ]
10 [ 0.29 -0.51 -0.95  0.35  0.77  0.11  0.74  0.46 -0.5 ] [ 1.  0.  0.  0.  0.  0.  0.]
11 [-0.6  -0.81 -0.96 -0.12  0.93 -0.45 -0.05 -0.59  0.71] [ 0.    0.48  0.    0.    0.52  0.    0.  ]
12 [ 0.69 -0.57  0.74 -0.58 -0.67 -0.08  0.47 -0.83  0.52] [ 0.    0.    0.46  0.54  0.    0.    0.  ]
13 [ 0.85 -0.47  0.9   0.53 -0.79 -0.43  0.76 -0.04  0.18] [ 0.    0.    0.59  0.4   0.    0.01  0.  ]
14 [ 0.14 -0.09  0.48  0.77 -0.81 -0.62 -0.48 -0.66  0.57] [ 0.  0.  0.  0.  0.  0.  1.]
17 [-0.75  0.65  0.02  0.02  0.46 -0.85 -0.04 -0.92  0.25] [ 0.    0.04  0.    0.    0.95  0.01  0.  ]
18 [ 0.44  0.67  0.68  0.33 -0.65 -0.19 -0.47 -0.77  0.12] [ 0.  0.  0.  0.  0.  0.  1.]
epoch: 34000
error: 0.0010
final: 0.0007
-----
state =  0 1 10 11 12 13 16 16 16 16 15 14 17 18
symbol= BPBTXXTTTVVEPE
label = 04013311155646
true probabilities:
     B    T    S    X    P    V    E
1 [ 0.   0.5  0.   0.   0.5  0.   0. ]
10 [ 1.  0.  0.  0.  0.  0.  0.]
11 [ 0.   0.5  0.   0.   0.5  0.   0. ]
12 [ 0.   0.   0.5  0.5  0.   0.   0. ]
13 [ 0.   0.   0.5  0.5  0.   0.   0. ]
16 [ 0.   0.5  0.   0.   0.   0.5  0. ]
16 [ 0.   0.5  0.   0.   0.   0.5  0. ]
16 [ 0.   0.5  0.   0.   0.   0.5  0. ]
16 [ 0.   0.5  0.   0.   0.   0.5  0. ]
15 [ 0.   0.   0.   0.   0.5  0.5  0. ]
14 [ 0.  0.  0.  0.  0.  0.  1.]
17 [ 0.  0.  0.  0.  1.  0.  0.]
18 [ 0.  0.  0.  0.  0.  0.  1.]
hidden activations and output probabilities [BTSXPVE]:
1 [-0.71 -0.5  -0.7  -0.65  0.73  0.01  0.02 -0.01  0.65] [ 0.    0.51  0.    0.    0.48  0.    0.  ]
10 [ 0.3  -0.48 -0.95  0.38  0.76  0.1   0.74  0.48 -0.5 ] [ 1.  0.  0.  0.  0.  0.  0.]
11 [-0.62 -0.8  -0.95 -0.01  0.93 -0.47 -0.04 -0.58  0.71] [ 0.    0.52  0.    0.    0.48  0.    0.  ]
12 [ 0.7  -0.53  0.74 -0.48 -0.69 -0.08  0.45 -0.83  0.59] [ 0.    0.    0.44  0.56  0.    0.    0.  ]
13 [ 0.84 -0.31  0.88  0.55 -0.79 -0.41  0.75 -0.01  0.18] [ 0.    0.    0.58  0.41  0.    0.01  0.  ]
16 [-0.59 -0.3   0.04  0.83 -0.74 -0.62  0.68  0.62  0.49] [ 0.    0.4   0.    0.    0.    0.59  0.  ]
16 [-0.74 -0.3  -0.1   0.97 -0.22 -0.28  0.82  0.63  0.83] [ 0.    0.41  0.    0.    0.    0.59  0.  ]
16 [-0.64 -0.35 -0.4   0.99 -0.31 -0.24  0.87  0.33  0.76] [ 0.    0.46  0.    0.    0.    0.54  0.  ]
16 [-0.58 -0.39 -0.45  0.99 -0.52 -0.28  0.88  0.19  0.8 ] [ 0.    0.45  0.    0.    0.    0.55  0.  ]
15 [ 0.72 -0.02 -0.77  1.    0.58 -0.37 -0.42 -0.52  0.95] [ 0.    0.01  0.    0.    0.44  0.56  0.  ]
14 [ 0.74  0.03  0.74  0.72 -0.7   0.03 -0.59 -0.82  0.56] [ 0.  0.  0.  0.  0.  0.  1.]
17 [-0.73  0.87  0.01  0.01  0.53 -0.63 -0.01 -0.91  0.07] [ 0.    0.02  0.    0.    0.96  0.01  0.  ]
18 [ 0.32  0.72  0.57  0.3  -0.53 -0.02 -0.55 -0.81  0.09] [ 0.  0.  0.  0.  0.  0.  1.]
epoch: 35000
error: 0.0013
final: 0.0003
-----
state =  0 1 10 11 12 13 16 16 15 14 17 18
symbol= BPBTXXTVVEPE
label = 040133155646
true probabilities:
     B    T    S    X    P    V    E
1 [ 0.   0.5  0.   0.   0.5  0.   0. ]
10 [ 1.  0.  0.  0.  0.  0.  0.]
11 [ 0.   0.5  0.   0.   0.5  0.   0. ]
12 [ 0.   0.   0.5  0.5  0.   0.   0. ]
13 [ 0.   0.   0.5  0.5  0.   0.   0. ]
16 [ 0.   0.5  0.   0.   0.   0.5  0. ]
16 [ 0.   0.5  0.   0.   0.   0.5  0. ]
15 [ 0.   0.   0.   0.   0.5  0.5  0. ]
14 [ 0.  0.  0.  0.  0.  0.  1.]
17 [ 0.  0.  0.  0.  1.  0.  0.]
18 [ 0.  0.  0.  0.  0.  0.  1.]
hidden activations and output probabilities [BTSXPVE]:
1 [-0.71 -0.5  -0.7  -0.66  0.73  0.02  0.02 -0.01  0.65] [ 0.    0.52  0.    0.    0.47  0.    0.  ]
10 [ 0.27 -0.48 -0.95  0.35  0.77  0.1   0.74  0.47 -0.52] [ 1.  0.  0.  0.  0.  0.  0.]
11 [-0.61 -0.8  -0.96 -0.1   0.93 -0.45 -0.05 -0.6   0.71] [ 0.   0.5  0.   0.   0.5  0.   0. ]
12 [ 0.69 -0.53  0.74 -0.61 -0.68 -0.07  0.47 -0.82  0.54] [ 0.    0.    0.47  0.53  0.    0.    0.  ]
13 [ 0.87 -0.35  0.91  0.51 -0.79 -0.35  0.75  0.03  0.17] [ 0.    0.    0.62  0.37  0.    0.01  0.  ]
16 [-0.54 -0.38  0.04  0.82 -0.73 -0.57  0.67  0.64  0.49] [ 0.    0.46  0.01  0.    0.    0.53  0.  ]
16 [-0.73 -0.35 -0.1   0.97 -0.19 -0.29  0.79  0.66  0.83] [ 0.    0.46  0.    0.    0.    0.54  0.  ]
15 [ 0.72 -0.03 -0.73  0.99  0.68 -0.33 -0.52 -0.37  0.96] [ 0.    0.01  0.    0.    0.51  0.48  0.  ]
14 [ 0.74 -0.    0.74  0.67 -0.68  0.07 -0.6  -0.77  0.57] [ 0.  0.  0.  0.  0.  0.  1.]
17 [-0.73  0.74  0.01  0.01  0.55 -0.61 -0.01 -0.9   0.09] [ 0.    0.03  0.    0.    0.96  0.01  0.  ]
18 [ 0.32  0.66  0.57  0.31 -0.55 -0.01 -0.55 -0.79  0.11] [ 0.  0.  0.  0.  0.  0.  1.]
epoch: 36000
error: 0.0009
final: 0.0004
-----
state =  0 1 10 11 16 16 16 15 14 17 18
symbol= BPBPTTVVEPE
label = 04041155646
true probabilities:
     B    T    S    X    P    V    E
1 [ 0.   0.5  0.   0.   0.5  0.   0. ]
10 [ 1.  0.  0.  0.  0.  0.  0.]
11 [ 0.   0.5  0.   0.   0.5  0.   0. ]
16 [ 0.   0.5  0.   0.   0.   0.5  0. ]
16 [ 0.   0.5  0.   0.   0.   0.5  0. ]
16 [ 0.   0.5  0.   0.   0.   0.5  0. ]
15 [ 0.   0.   0.   0.   0.5  0.5  0. ]
14 [ 0.  0.  0.  0.  0.  0.  1.]
17 [ 0.  0.  0.  0.  1.  0.  0.]
18 [ 0.  0.  0.  0.  0.  0.  1.]
hidden activations and output probabilities [BTSXPVE]:
1 [-0.71 -0.5  -0.7  -0.66  0.73  0.02  0.02  0.    0.65] [ 0.    0.5   0.    0.    0.49  0.    0.  ]
10 [ 0.27 -0.48 -0.95  0.38  0.78  0.11  0.73  0.49 -0.52] [ 1.  0.  0.  0.  0.  0.  0.]
11 [-0.62 -0.8  -0.95 -0.05  0.93 -0.43 -0.06 -0.59  0.71] [ 0.    0.49  0.    0.    0.51  0.    0.  ]
16 [ 0.45 -0.6  -0.92  0.59 -0.64 -0.01  0.63 -0.1   0.49] [ 0.    0.43  0.    0.    0.    0.56  0.  ]
16 [-0.58 -0.39 -0.22  0.87 -0.64 -0.36  0.63  0.43  0.68] [ 0.    0.48  0.    0.    0.    0.52  0.  ]
16 [-0.69 -0.36 -0.3   0.96 -0.33 -0.23  0.83  0.55  0.76] [ 0.    0.48  0.    0.    0.    0.52  0.  ]
15 [ 0.71 -0.03 -0.76  0.99  0.69 -0.2  -0.51 -0.4   0.95] [ 0.    0.01  0.    0.    0.5   0.49  0.  ]
14 [ 0.74  0.01  0.74  0.66 -0.66  0.25 -0.57 -0.77  0.53] [ 0.  0.  0.  0.  0.  0.  1.]
17 [-0.72  0.78  0.01  0.01  0.6  -0.54 -0.01 -0.89  0.09] [ 0.    0.02  0.    0.    0.97  0.01  0.  ]
18 [ 0.3   0.66  0.58  0.29 -0.52  0.02 -0.56 -0.78  0.09] [ 0.  0.  0.  0.  0.  0.  1.]
epoch: 37000
error: 0.0003
final: 0.0002
-----
state =  0 1 10 11 16 16 16 16 15 13 14 17 18
symbol= BPBPTTTVPSEPE
label = 0404111542646
true probabilities:
     B    T    S    X    P    V    E
1 [ 0.   0.5  0.   0.   0.5  0.   0. ]
10 [ 1.  0.  0.  0.  0.  0.  0.]
11 [ 0.   0.5  0.   0.   0.5  0.   0. ]
16 [ 0.   0.5  0.   0.   0.   0.5  0. ]
16 [ 0.   0.5  0.   0.   0.   0.5  0. ]
16 [ 0.   0.5  0.   0.   0.   0.5  0. ]
16 [ 0.   0.5  0.   0.   0.   0.5  0. ]
15 [ 0.   0.   0.   0.   0.5  0.5  0. ]
13 [ 0.   0.   0.5  0.5  0.   0.   0. ]
14 [ 0.  0.  0.  0.  0.  0.  1.]
17 [ 0.  0.  0.  0.  1.  0.  0.]
18 [ 0.  0.  0.  0.  0.  0.  1.]
hidden activations and output probabilities [BTSXPVE]:
1 [-0.71 -0.49 -0.7  -0.66  0.73  0.01  0.02  0.    0.66] [ 0.   0.5  0.   0.   0.5  0.   0. ]
10 [ 0.27 -0.47 -0.95  0.39  0.75  0.11  0.73  0.52 -0.53] [ 1.  0.  0.  0.  0.  0.  0.]
11 [-0.63 -0.79 -0.94 -0.07  0.93 -0.41 -0.06 -0.58  0.71] [ 0.    0.51  0.    0.    0.49  0.    0.  ]
16 [ 0.45 -0.6  -0.92  0.6  -0.64  0.02  0.64  0.    0.47] [ 0.    0.38  0.    0.    0.    0.61  0.  ]
16 [-0.63 -0.4  -0.28  0.87 -0.58 -0.33  0.65  0.45  0.7 ] [ 0.    0.49  0.    0.    0.    0.51  0.  ]
16 [-0.67 -0.36 -0.32  0.96 -0.35 -0.2   0.85  0.5   0.76] [ 0.    0.47  0.    0.    0.    0.53  0.  ]
16 [-0.64 -0.38 -0.41  0.99 -0.35 -0.2   0.88  0.36  0.76] [ 0.    0.49  0.    0.    0.    0.51  0.  ]
15 [ 0.72 -0.03 -0.78  1.    0.64 -0.12 -0.45 -0.48  0.95] [ 0.    0.01  0.    0.    0.43  0.56  0.  ]
13 [ 0.71 -0.04  0.71  0.03 -0.73 -0.12  0.36  0.38  0.08] [ 0.    0.    0.59  0.41  0.    0.    0.  ]
14 [ 0.12 -0.01  0.6   0.9  -0.83 -0.26 -0.29 -0.41  0.52] [ 0.  0.  0.  0.  0.  0.  1.]
17 [-0.75  0.72  0.    0.03  0.67 -0.7  -0.03 -0.91  0.45] [ 0.    0.01  0.    0.    0.98  0.01  0.  ]
18 [ 0.43  0.68  0.71  0.37 -0.65 -0.02 -0.32 -0.72  0.09] [ 0.  0.  0.  0.  0.  0.  1.]
epoch: 38000
error: 0.0011
final: 0.0001
-----
state =  0 1 2 3 8 8 7 5 6 9 18
symbol= BTBPTVPSETE
label = 01041542616
true probabilities:
     B    T    S    X    P    V    E
1 [ 0.   0.5  0.   0.   0.5  0.   0. ]
2 [ 1.  0.  0.  0.  0.  0.  0.]
3 [ 0.   0.5  0.   0.   0.5  0.   0. ]
8 [ 0.   0.5  0.   0.   0.   0.5  0. ]
8 [ 0.   0.5  0.   0.   0.   0.5  0. ]
7 [ 0.   0.   0.   0.   0.5  0.5  0. ]
5 [ 0.   0.   0.5  0.5  0.   0.   0. ]
6 [ 0.  0.  0.  0.  0.  0.  1.]
9 [ 0.  1.  0.  0.  0.  0.  0.]
18 [ 0.  0.  0.  0.  0.  0.  1.]
hidden activations and output probabilities [BTSXPVE]:
1 [-0.7  -0.5  -0.7  -0.66  0.73  0.03  0.02  0.05  0.65] [ 0.    0.52  0.    0.    0.48  0.    0.  ]
2 [ 0.58 -0.39 -0.79 -0.92  0.44  0.01  0.71 -0.28 -0.56] [ 1.  0.  0.  0.  0.  0.  0.]
3 [ 0.49 -0.86 -0.96 -0.79  0.87 -0.63  0.16 -0.14  0.71] [ 0.    0.47  0.    0.    0.53  0.    0.  ]
8 [ 0.65 -0.77 -0.98  0.6  -0.55 -0.7   0.92  0.56  0.56] [ 0.    0.34  0.    0.    0.    0.66  0.  ]
8 [-0.6  -0.42 -0.43  0.93 -0.67 -0.82  0.8   0.63  0.85] [ 0.   0.4  0.   0.   0.   0.6  0. ]
7 [ 0.72 -0.04 -0.74  0.99  0.63 -0.93 -0.55 -0.23  0.97] [ 0.    0.    0.    0.    0.44  0.56  0.  ]
5 [ 0.73 -0.83  0.74  0.05 -0.75 -0.84  0.33  0.58  0.14] [ 0.    0.01  0.58  0.41  0.    0.    0.  ]
6 [ 0.31 -0.34  0.62  0.97 -0.84 -0.85 -0.5  -0.66  0.8 ] [ 0.  0.  0.  0.  0.  0.  1.]
9 [-0.75 -0.96  0.02  0.03 -0.29 -0.95 -0.05 -0.93  0.34] [ 0.    0.98  0.    0.    0.02  0.    0.  ]
18 [ 0.68 -0.57  0.74  0.98 -0.75 -0.22 -0.63 -0.85  0.72] [ 0.  0.  0.  0.  0.  0.  1.]
epoch: 39000
error: 0.0027
final: 0.0001
-----
state =  0 1 10 11 12 12 12 12 13 14 17 18
symbol= BPBTSSSXSEPE
label = 040122232646
true probabilities:
     B    T    S    X    P    V    E
1 [ 0.   0.5  0.   0.   0.5  0.   0. ]
10 [ 1.  0.  0.  0.  0.  0.  0.]
11 [ 0.   0.5  0.   0.   0.5  0.   0. ]
12 [ 0.   0.   0.5  0.5  0.   0.   0. ]
12 [ 0.   0.   0.5  0.5  0.   0.   0. ]
12 [ 0.   0.   0.5  0.5  0.   0.   0. ]
12 [ 0.   0.   0.5  0.5  0.   0.   0. ]
13 [ 0.   0.   0.5  0.5  0.   0.   0. ]
14 [ 0.  0.  0.  0.  0.  0.  1.]
17 [ 0.  0.  0.  0.  1.  0.  0.]
18 [ 0.  0.  0.  0.  0.  0.  1.]
hidden activations and output probabilities [BTSXPVE]:
1 [-0.71 -0.5  -0.7  -0.66  0.73  0.04  0.02  0.06  0.65] [ 0.    0.53  0.    0.    0.47  0.    0.  ]
10 [ 0.27 -0.48 -0.96  0.42  0.81  0.12  0.72  0.55 -0.54] [ 1.  0.  0.  0.  0.  0.  0.]
11 [-0.63 -0.8  -0.94 -0.04  0.94 -0.41 -0.06 -0.59  0.71] [ 0.    0.52  0.    0.    0.48  0.    0.  ]
12 [ 0.7  -0.5   0.74 -0.54 -0.67 -0.04  0.41 -0.81  0.55] [ 0.    0.    0.47  0.52  0.    0.    0.  ]
12 [ 0.91 -0.04  0.95 -0.75 -0.85 -0.18  0.06 -0.42  0.22] [ 0.    0.    0.49  0.51  0.    0.    0.  ]
12 [ 0.94  0.15  0.98 -0.76 -0.91 -0.22  0.08 -0.15  0.12] [ 0.    0.    0.51  0.49  0.    0.    0.  ]
12 [ 0.94  0.17  0.98 -0.75 -0.92 -0.27  0.1  -0.11  0.11] [ 0.    0.    0.51  0.49  0.    0.    0.  ]
13 [ 0.69  0.03  0.86  0.36 -0.84 -0.36  0.51  0.13  0.05] [ 0.    0.    0.6   0.38  0.    0.01  0.01]
14 [-0.31  0.17  0.51  0.35 -0.88 -0.39 -0.4  -0.5   0.37] [ 0.  0.  0.  0.  0.  0.  1.]
17 [-0.73  0.88  0.09  0.03  0.7  -0.63 -0.05 -0.87  0.44] [ 0.    0.01  0.    0.    0.99  0.    0.  ]
18 [ 0.38  0.73  0.77  0.2  -0.6   0.01 -0.44 -0.69  0.01] [ 0.  0.  0.  0.  0.  0.  1.]
epoch: 40000
error: 0.0006
final: 0.0000
-----
state =  0 1 2 3 8 8 8 7 6 9 18
symbol= BTBPTTVVETE
label = 01041155616
true probabilities:
     B    T    S    X    P    V    E
1 [ 0.   0.5  0.   0.   0.5  0.   0. ]
2 [ 1.  0.  0.  0.  0.  0.  0.]
3 [ 0.   0.5  0.   0.   0.5  0.   0. ]
8 [ 0.   0.5  0.   0.   0.   0.5  0. ]
8 [ 0.   0.5  0.   0.   0.   0.5  0. ]
8 [ 0.   0.5  0.   0.   0.   0.5  0. ]
7 [ 0.   0.   0.   0.   0.5  0.5  0. ]
6 [ 0.  0.  0.  0.  0.  0.  1.]
9 [ 0.  1.  0.  0.  0.  0.  0.]
18 [ 0.  0.  0.  0.  0.  0.  1.]
hidden activations and output probabilities [BTSXPVE]:
1 [-0.71 -0.49 -0.7  -0.66  0.73  0.04  0.01  0.06  0.65] [ 0.    0.52  0.    0.    0.47  0.    0.  ]
2 [ 0.57 -0.4  -0.79 -0.92  0.51  0.02  0.7  -0.24 -0.6 ] [ 1.  0.  0.  0.  0.  0.  0.]
3 [ 0.39 -0.86 -0.96 -0.79  0.89 -0.59  0.14 -0.19  0.71] [ 0.    0.47  0.    0.    0.53  0.    0.  ]
8 [ 0.58 -0.79 -0.98  0.59 -0.53 -0.67  0.91  0.53  0.53] [ 0.    0.46  0.    0.    0.    0.54  0.  ]
8 [-0.64 -0.47 -0.5   0.92 -0.67 -0.82  0.82  0.59  0.83] [ 0.    0.55  0.    0.    0.    0.45  0.  ]
8 [-0.66 -0.48 -0.48  0.98 -0.56 -0.59  0.88  0.64  0.88] [ 0.    0.53  0.    0.    0.    0.47  0.  ]
7 [ 0.72 -0.04 -0.77  1.    0.65 -0.89 -0.5  -0.29  0.97] [ 0.    0.01  0.    0.    0.43  0.57  0.  ]
6 [ 0.75 -0.07  0.74  0.79 -0.74 -0.82 -0.66 -0.75  0.58] [ 0.  0.  0.  0.  0.  0.  1.]
9 [-0.75 -0.95  0.01  0.01 -0.41 -0.92 -0.02 -0.93  0.14] [ 0.    0.98  0.    0.    0.01  0.    0.  ]
18 [ 0.61 -0.52  0.72  0.99 -0.75 -0.2  -0.69 -0.81  0.74] [ 0.  0.  0.  0.  0.  0.  1.]
epoch: 41000
error: 0.0006
final: 0.0001
-----
state =  0 1 2 3 4 4 5 6 9 18
symbol= BTBTSXSETE
label = 0101232616
true probabilities:
     B    T    S    X    P    V    E
1 [ 0.   0.5  0.   0.   0.5  0.   0. ]
2 [ 1.  0.  0.  0.  0.  0.  0.]
3 [ 0.   0.5  0.   0.   0.5  0.   0. ]
4 [ 0.   0.   0.5  0.5  0.   0.   0. ]
4 [ 0.   0.   0.5  0.5  0.   0.   0. ]
5 [ 0.   0.   0.5  0.5  0.   0.   0. ]
6 [ 0.  0.  0.  0.  0.  0.  1.]
9 [ 0.  1.  0.  0.  0.  0.  0.]
18 [ 0.  0.  0.  0.  0.  0.  1.]
hidden activations and output probabilities [BTSXPVE]:
1 [-0.71 -0.49 -0.7  -0.66  0.73  0.05  0.01  0.05  0.65] [ 0.   0.5  0.   0.   0.5  0.   0. ]
2 [ 0.57 -0.39 -0.79 -0.92  0.51  0.02  0.7  -0.26 -0.6 ] [ 1.  0.  0.  0.  0.  0.  0.]
3 [ 0.4  -0.85 -0.96 -0.79  0.89 -0.59  0.13 -0.19  0.71] [ 0.    0.44  0.    0.    0.55  0.    0.  ]
4 [ 0.77 -0.49  0.69 -0.92 -0.61 -0.44  0.88 -0.39  0.61] [ 0.    0.    0.46  0.54  0.    0.    0.  ]
4 [ 0.95 -0.29  0.95 -0.94 -0.86 -0.81  0.63 -0.4   0.55] [ 0.    0.    0.46  0.54  0.    0.    0.  ]
5 [ 0.97 -0.49  0.96  0.26 -0.83 -0.88  0.81  0.36  0.3 ] [ 0.    0.    0.57  0.43  0.    0.    0.  ]
6 [ 0.53 -0.31  0.79  0.72 -0.82 -0.9  -0.51 -0.65  0.72] [ 0.  0.  0.  0.  0.  0.  1.]
9 [-0.75 -0.97  0.04  0.04 -0.37 -0.94 -0.04 -0.91  0.29] [ 0.    0.98  0.    0.    0.01  0.    0.  ]
18 [ 0.65 -0.6   0.73  0.83 -0.75 -0.24 -0.59 -0.8   0.73] [ 0.  0.  0.  0.  0.  0.  1.]
epoch: 42000
error: 0.0009
final: 0.0001
-----
state =  0 1 10 11 16 16 15 13 16 16 16 15 14 17 18
symbol= BPBPTVPXTTVVEPE
label = 040415431155646
true probabilities:
     B    T    S    X    P    V    E
1 [ 0.   0.5  0.   0.   0.5  0.   0. ]
10 [ 1.  0.  0.  0.  0.  0.  0.]
11 [ 0.   0.5  0.   0.   0.5  0.   0. ]
16 [ 0.   0.5  0.   0.   0.   0.5  0. ]
16 [ 0.   0.5  0.   0.   0.   0.5  0. ]
15 [ 0.   0.   0.   0.   0.5  0.5  0. ]
13 [ 0.   0.   0.5  0.5  0.   0.   0. ]
16 [ 0.   0.5  0.   0.   0.   0.5  0. ]
16 [ 0.   0.5  0.   0.   0.   0.5  0. ]
16 [ 0.   0.5  0.   0.   0.   0.5  0. ]
15 [ 0.   0.   0.   0.   0.5  0.5  0. ]
14 [ 0.  0.  0.  0.  0.  0.  1.]
17 [ 0.  0.  0.  0.  1.  0.  0.]
18 [ 0.  0.  0.  0.  0.  0.  1.]
hidden activations and output probabilities [BTSXPVE]:
1 [-0.71 -0.49 -0.7  -0.66  0.73  0.06  0.01  0.09  0.65] [ 0.    0.53  0.    0.    0.47  0.    0.  ]
10 [ 0.24 -0.48 -0.96  0.41  0.85  0.13  0.71  0.54 -0.56] [ 1.  0.  0.  0.  0.  0.  0.]
11 [-0.61 -0.79 -0.95 -0.2   0.95 -0.44 -0.09 -0.59  0.71] [ 0.    0.45  0.    0.    0.55  0.    0.  ]
16 [ 0.38 -0.63 -0.94  0.59 -0.59 -0.03  0.6  -0.06  0.5 ] [ 0.    0.46  0.    0.    0.    0.53  0.  ]
16 [-0.56 -0.37 -0.3   0.86 -0.63 -0.36  0.64  0.45  0.72] [ 0.    0.45  0.    0.    0.    0.55  0.  ]
15 [ 0.7  -0.02 -0.73  0.98  0.67 -0.17 -0.51 -0.3   0.95] [ 0.    0.    0.    0.    0.42  0.58  0.  ]
13 [ 0.71  0.07  0.71  0.03 -0.72 -0.26  0.33  0.51  0.11] [ 0.    0.    0.57  0.42  0.    0.    0.  ]
16 [-0.47 -0.26 -0.17  0.82 -0.28 -0.41  0.64  0.54  0.39] [ 0.    0.44  0.    0.    0.    0.56  0.  ]
16 [-0.71 -0.37 -0.3   0.97 -0.35 -0.23  0.72  0.57  0.73] [ 0.    0.47  0.    0.    0.    0.53  0.  ]
16 [-0.67 -0.37 -0.4   0.99 -0.21 -0.17  0.78  0.49  0.69] [ 0.   0.5  0.   0.   0.   0.5  0. ]
15 [ 0.72 -0.03 -0.77  1.    0.68 -0.03 -0.55 -0.43  0.92] [ 0.    0.    0.    0.    0.47  0.53  0.  ]
14 [ 0.74  0.01  0.73  0.59 -0.61  0.36 -0.55 -0.75  0.42] [ 0.  0.  0.  0.  0.  0.  1.]
17 [-0.7   0.79  0.01  0.01  0.66 -0.47 -0.01 -0.88  0.14] [ 0.    0.01  0.    0.    0.98  0.01  0.  ]
18 [ 0.27  0.65  0.68  0.31 -0.49  0.06 -0.57 -0.76  0.09] [ 0.  0.  0.  0.  0.  0.  1.]
epoch: 43000
error: 0.0008
final: 0.0001
-----
state =  0 1 2 3 8 8 8 7 5 6 9 18
symbol= BTBPTTVPSETE
label = 010411542616
true probabilities:
     B    T    S    X    P    V    E
1 [ 0.   0.5  0.   0.   0.5  0.   0. ]
2 [ 1.  0.  0.  0.  0.  0.  0.]
3 [ 0.   0.5  0.   0.   0.5  0.   0. ]
8 [ 0.   0.5  0.   0.   0.   0.5  0. ]
8 [ 0.   0.5  0.   0.   0.   0.5  0. ]
8 [ 0.   0.5  0.   0.   0.   0.5  0. ]
7 [ 0.   0.   0.   0.   0.5  0.5  0. ]
5 [ 0.   0.   0.5  0.5  0.   0.   0. ]
6 [ 0.  0.  0.  0.  0.  0.  1.]
9 [ 0.  1.  0.  0.  0.  0.  0.]
18 [ 0.  0.  0.  0.  0.  0.  1.]
hidden activations and output probabilities [BTSXPVE]:
1 [-0.7  -0.48 -0.7  -0.66  0.73  0.04  0.01  0.05  0.66] [ 0.    0.48  0.    0.    0.52  0.    0.  ]
2 [ 0.57 -0.39 -0.8  -0.92  0.46  0.02  0.7  -0.21 -0.58] [ 1.  0.  0.  0.  0.  0.  0.]
3 [ 0.33 -0.85 -0.97 -0.8   0.88 -0.61  0.15 -0.18  0.71] [ 0.    0.49  0.    0.    0.51  0.    0.  ]
8 [ 0.55 -0.78 -0.98  0.59 -0.55 -0.68  0.92  0.53  0.58] [ 0.    0.45  0.    0.    0.    0.55  0.  ]
8 [-0.57 -0.43 -0.64  0.92 -0.68 -0.83  0.83  0.67  0.85] [ 0.    0.43  0.    0.    0.    0.57  0.  ]
8 [-0.63 -0.45 -0.53  0.98 -0.53 -0.64  0.87  0.74  0.9 ] [ 0.    0.43  0.    0.    0.    0.57  0.  ]
7 [ 0.73 -0.04 -0.78  1.    0.67 -0.89 -0.53 -0.18  0.98] [ 0.    0.    0.    0.    0.37  0.62  0.  ]
5 [ 0.73 -0.82  0.74  0.05 -0.75 -0.85  0.33  0.61  0.16] [ 0.    0.01  0.58  0.4   0.    0.    0.  ]
6 [ 0.28 -0.31  0.6   0.98 -0.84 -0.86 -0.51 -0.65  0.79] [ 0.  0.  0.  0.  0.  0.  1.]
9 [-0.75 -0.98  0.02  0.04 -0.35 -0.94 -0.05 -0.93  0.39] [ 0.    0.98  0.    0.    0.01  0.    0.  ]
18 [ 0.68 -0.64  0.73  0.99 -0.75 -0.25 -0.61 -0.8   0.74] [ 0.  0.  0.  0.  0.  0.  1.]
epoch: 44000
error: 0.0017
final: 0.0001
-----
state =  0 1 2 3 4 5 6 9 18
symbol= BTBTXSETE
label = 010132616
true probabilities:
     B    T    S    X    P    V    E
1 [ 0.   0.5  0.   0.   0.5  0.   0. ]
2 [ 1.  0.  0.  0.  0.  0.  0.]
3 [ 0.   0.5  0.   0.   0.5  0.   0. ]
4 [ 0.   0.   0.5  0.5  0.   0.   0. ]
5 [ 0.   0.   0.5  0.5  0.   0.   0. ]
6 [ 0.  0.  0.  0.  0.  0.  1.]
9 [ 0.  1.  0.  0.  0.  0.  0.]
18 [ 0.  0.  0.  0.  0.  0.  1.]
hidden activations and output probabilities [BTSXPVE]:
1 [-0.7  -0.48 -0.7  -0.66  0.73  0.03  0.01  0.04  0.66] [ 0.    0.47  0.    0.    0.53  0.    0.  ]
2 [ 0.57 -0.37 -0.76 -0.92  0.41  0.02  0.7  -0.24 -0.59] [ 1.  0.  0.  0.  0.  0.  0.]
3 [ 0.25 -0.85 -0.96 -0.79  0.86 -0.6   0.14 -0.13  0.71] [ 0.    0.52  0.    0.    0.47  0.    0.  ]
4 [ 0.75 -0.46  0.68 -0.92 -0.61 -0.39  0.9  -0.32  0.62] [ 0.    0.    0.4   0.59  0.    0.    0.  ]
5 [ 0.91 -0.49  0.86  0.21 -0.77 -0.86  0.92  0.45  0.47] [ 0.    0.    0.56  0.43  0.    0.    0.  ]
6 [ 0.5  -0.29  0.84  0.72 -0.82 -0.9  -0.45 -0.65  0.77] [ 0.  0.  0.  0.  0.  0.  1.]
9 [-0.75 -0.98  0.04  0.05 -0.42 -0.94 -0.04 -0.91  0.34] [ 0.    0.98  0.    0.    0.01  0.    0.  ]
18 [ 0.66 -0.64  0.72  0.87 -0.75 -0.23 -0.53 -0.77  0.74] [ 0.  0.  0.  0.  0.  0.  1.]
epoch: 45000
error: 0.0013
final: 0.0000
-----
state =  0 1 2 3 8 7 5 6 9 18
symbol= BTBPVPSETE
label = 0104542616
true probabilities:
     B    T    S    X    P    V    E
1 [ 0.   0.5  0.   0.   0.5  0.   0. ]
2 [ 1.  0.  0.  0.  0.  0.  0.]
3 [ 0.   0.5  0.   0.   0.5  0.   0. ]
8 [ 0.   0.5  0.   0.   0.   0.5  0. ]
7 [ 0.   0.   0.   0.   0.5  0.5  0. ]
5 [ 0.   0.   0.5  0.5  0.   0.   0. ]
6 [ 0.  0.  0.  0.  0.  0.  1.]
9 [ 0.  1.  0.  0.  0.  0.  0.]
18 [ 0.  0.  0.  0.  0.  0.  1.]
hidden activations and output probabilities [BTSXPVE]:
1 [-0.7  -0.48 -0.7  -0.66  0.73  0.06  0.01  0.06  0.66] [ 0.    0.49  0.    0.    0.51  0.    0.  ]
2 [ 0.56 -0.39 -0.79 -0.92  0.55  0.03  0.69 -0.2  -0.61] [ 1.  0.  0.  0.  0.  0.  0.]
3 [ 0.28 -0.85 -0.96 -0.8   0.9  -0.58  0.14 -0.25  0.71] [ 0.    0.48  0.    0.    0.52  0.    0.  ]
8 [ 0.49 -0.79 -0.96  0.57 -0.55 -0.65  0.92  0.47  0.57] [ 0.    0.56  0.    0.    0.    0.44  0.  ]
7 [ 0.77 -0.04 -0.95  0.93  0.49 -0.93 -0.54 -0.35  0.93] [ 0.    0.01  0.    0.    0.42  0.57  0.  ]
5 [ 0.73 -0.83  0.74  0.05 -0.75 -0.88  0.32  0.51  0.12] [ 0.    0.01  0.56  0.42  0.    0.    0.  ]
6 [ 0.37 -0.33  0.68  0.95 -0.83 -0.88 -0.53 -0.66  0.78] [ 0.  0.  0.  0.  0.  0.  1.]
9 [-0.75 -0.89  0.02  0.04 -0.42 -0.95 -0.05 -0.92  0.38] [ 0.    0.98  0.    0.    0.01  0.    0.  ]
18 [ 0.66 -0.32  0.72  0.97 -0.75 -0.27 -0.61 -0.77  0.74] [ 0.  0.  0.  0.  0.  0.  1.]
epoch: 46000
error: 0.0011
final: 0.0001
-----
state =  0 1 2 3 4 4 4 4 4 5 8 7 6 9 18
symbol= BTBTSSSSXXVVETE
label = 010122223355616
true probabilities:
     B    T    S    X    P    V    E
1 [ 0.   0.5  0.   0.   0.5  0.   0. ]
2 [ 1.  0.  0.  0.  0.  0.  0.]
3 [ 0.   0.5  0.   0.   0.5  0.   0. ]
4 [ 0.   0.   0.5  0.5  0.   0.   0. ]
4 [ 0.   0.   0.5  0.5  0.   0.   0. ]
4 [ 0.   0.   0.5  0.5  0.   0.   0. ]
4 [ 0.   0.   0.5  0.5  0.   0.   0. ]
4 [ 0.   0.   0.5  0.5  0.   0.   0. ]
5 [ 0.   0.   0.5  0.5  0.   0.   0. ]
8 [ 0.   0.5  0.   0.   0.   0.5  0. ]
7 [ 0.   0.   0.   0.   0.5  0.5  0. ]
6 [ 0.  0.  0.  0.  0.  0.  1.]
9 [ 0.  1.  0.  0.  0.  0.  0.]
18 [ 0.  0.  0.  0.  0.  0.  1.]
hidden activations and output probabilities [BTSXPVE]:
1 [-0.71 -0.49 -0.7  -0.66  0.73  0.06  0.01  0.09  0.65] [ 0.    0.52  0.    0.    0.48  0.    0.  ]
2 [ 0.56 -0.36 -0.8  -0.92  0.56  0.02  0.69 -0.15 -0.62] [ 1.  0.  0.  0.  0.  0.  0.]
3 [ 0.25 -0.85 -0.97 -0.8   0.9  -0.61  0.15 -0.22  0.71] [ 0.    0.51  0.    0.    0.48  0.    0.  ]
4 [ 0.75 -0.46  0.69 -0.92 -0.61 -0.44  0.89 -0.39  0.63] [ 0.    0.    0.48  0.52  0.    0.    0.  ]
4 [ 0.95 -0.28  0.95 -0.95 -0.85 -0.81  0.67 -0.42  0.61] [ 0.    0.    0.49  0.51  0.    0.    0.  ]
4 [ 0.98 -0.27  0.99 -0.96 -0.87 -0.84  0.5  -0.37  0.44] [ 0.    0.    0.49  0.51  0.    0.    0.  ]
4 [ 0.99 -0.28  1.   -0.96 -0.88 -0.83  0.38 -0.34  0.39] [ 0.    0.    0.49  0.51  0.    0.    0.  ]
4 [ 0.99 -0.28  1.   -0.96 -0.89 -0.81  0.34 -0.32  0.36] [ 0.    0.    0.49  0.51  0.    0.    0.  ]
5 [ 0.99 -0.51  0.99  0.17 -0.83 -0.85  0.75  0.39  0.28] [ 0.    0.    0.63  0.37  0.    0.    0.  ]
8 [-0.02 -0.52 -0.29  0.79 -0.76 -0.9   0.76  0.73  0.68] [ 0.    0.32  0.    0.    0.    0.68  0.  ]
7 [ 0.69 -0.04 -0.72  0.97  0.59 -0.89 -0.62 -0.13  0.98] [ 0.    0.    0.    0.    0.41  0.59  0.  ]
6 [ 0.75 -0.05  0.74  0.76 -0.72 -0.78 -0.67 -0.69  0.56] [ 0.  0.  0.  0.  0.  0.  1.]
9 [-0.74 -0.95  0.01  0.02 -0.36 -0.89 -0.02 -0.9   0.2 ] [ 0.    0.99  0.    0.    0.01  0.    0.  ]
18 [ 0.65 -0.51  0.71  0.97 -0.75 -0.2  -0.7  -0.76  0.79] [ 0.  0.  0.  0.  0.  0.  1.]
epoch: 47000
error: 0.0018
final: 0.0000
-----
state =  0 1 10 11 12 13 16 15 13 16 15 13 16 16 15 13 14 17 18
symbol= BPBTXXVPXVPXTVPSEPE
label = 0401335435431542646
true probabilities:
     B    T    S    X    P    V    E
1 [ 0.   0.5  0.   0.   0.5  0.   0. ]
10 [ 1.  0.  0.  0.  0.  0.  0.]
11 [ 0.   0.5  0.   0.   0.5  0.   0. ]
12 [ 0.   0.   0.5  0.5  0.   0.   0. ]
13 [ 0.   0.   0.5  0.5  0.   0.   0. ]
16 [ 0.   0.5  0.   0.   0.   0.5  0. ]
15 [ 0.   0.   0.   0.   0.5  0.5  0. ]
13 [ 0.   0.   0.5  0.5  0.   0.   0. ]
16 [ 0.   0.5  0.   0.   0.   0.5  0. ]
15 [ 0.   0.   0.   0.   0.5  0.5  0. ]
13 [ 0.   0.   0.5  0.5  0.   0.   0. ]
16 [ 0.   0.5  0.   0.   0.   0.5  0. ]
16 [ 0.   0.5  0.   0.   0.   0.5  0. ]
15 [ 0.   0.   0.   0.   0.5  0.5  0. ]
13 [ 0.   0.   0.5  0.5  0.   0.   0. ]
14 [ 0.  0.  0.  0.  0.  0.  1.]
17 [ 0.  0.  0.  0.  1.  0.  0.]
18 [ 0.  0.  0.  0.  0.  0.  1.]
hidden activations and output probabilities [BTSXPVE]:
1 [-0.7  -0.48 -0.7  -0.66  0.73  0.06  0.01  0.09  0.66] [ 0.    0.49  0.    0.    0.51  0.    0.  ]
10 [ 0.24 -0.47 -0.95  0.45  0.83  0.14  0.69  0.55 -0.57] [ 1.  0.  0.  0.  0.  0.  0.]
11 [-0.62 -0.79 -0.94 -0.21  0.95 -0.4  -0.07 -0.58  0.71] [ 0.    0.48  0.    0.    0.52  0.    0.  ]
12 [ 0.68 -0.47  0.73 -0.68 -0.65 -0.04  0.46 -0.78  0.51] [ 0.    0.    0.49  0.51  0.    0.    0.  ]
13 [ 0.85 -0.28  0.91  0.49 -0.79 -0.21  0.78  0.16  0.21] [ 0.    0.    0.64  0.35  0.    0.01  0.  ]
16 [-0.59 -0.32 -0.16  0.83 -0.73 -0.38  0.7   0.67  0.54] [ 0.    0.44  0.    0.    0.    0.56  0.  ]
15 [ 0.64 -0.02 -0.68  0.98  0.68 -0.14 -0.53 -0.21  0.96] [ 0.   0.   0.   0.   0.4  0.6  0. ]
13 [ 0.71  0.    0.69  0.03 -0.71 -0.14  0.32  0.57  0.12] [ 0.    0.    0.61  0.38  0.    0.01  0.  ]
16 [-0.5  -0.28 -0.28  0.82 -0.19 -0.28  0.65  0.57  0.43] [ 0.    0.45  0.    0.    0.    0.55  0.  ]
15 [ 0.7  -0.02 -0.74  0.99  0.69 -0.01 -0.56 -0.3   0.92] [ 0.    0.    0.    0.    0.42  0.57  0.  ]
13 [ 0.7  -0.03  0.7   0.03 -0.71 -0.04  0.27  0.51  0.09] [ 0.    0.    0.61  0.39  0.    0.    0.  ]
16 [-0.49 -0.27 -0.26  0.81 -0.18 -0.18  0.63  0.54  0.37] [ 0.    0.46  0.    0.    0.    0.53  0.  ]
16 [-0.7  -0.36 -0.35  0.97 -0.08 -0.11  0.73  0.48  0.64] [ 0.    0.52  0.    0.    0.    0.47  0.  ]
15 [ 0.72 -0.03 -0.76  0.99  0.69  0.11 -0.55 -0.45  0.9 ] [ 0.    0.    0.    0.    0.47  0.52  0.  ]
13 [ 0.7   0.01  0.71  0.02 -0.71  0.07  0.26  0.38  0.08] [ 0.    0.    0.6   0.39  0.    0.    0.  ]
14 [ 0.03  0.04  0.64  0.82 -0.77 -0.05 -0.28 -0.35  0.46] [ 0.  0.  0.  0.  0.  0.  1.]
17 [-0.75  0.79  0.01  0.04  0.7  -0.49 -0.03 -0.88  0.58] [ 0.    0.01  0.    0.    0.99  0.    0.  ]
18 [ 0.38  0.66  0.73  0.35 -0.61  0.09 -0.35 -0.67  0.06] [ 0.  0.  0.  0.  0.  0.  1.]
epoch: 48000
error: 0.0018
final: 0.0000
-----
state =  0 1 10 11 12 12 13 16 15 14 17 18
symbol= BPBTSXXVVEPE
label = 040123355646
true probabilities:
     B    T    S    X    P    V    E
1 [ 0.   0.5  0.   0.   0.5  0.   0. ]
10 [ 1.  0.  0.  0.  0.  0.  0.]
11 [ 0.   0.5  0.   0.   0.5  0.   0. ]
12 [ 0.   0.   0.5  0.5  0.   0.   0. ]
12 [ 0.   0.   0.5  0.5  0.   0.   0. ]
13 [ 0.   0.   0.5  0.5  0.   0.   0. ]
16 [ 0.   0.5  0.   0.   0.   0.5  0. ]
15 [ 0.   0.   0.   0.   0.5  0.5  0. ]
14 [ 0.  0.  0.  0.  0.  0.  1.]
17 [ 0.  0.  0.  0.  1.  0.  0.]
18 [ 0.  0.  0.  0.  0.  0.  1.]
hidden activations and output probabilities [BTSXPVE]:
1 [-0.7  -0.49 -0.69 -0.67  0.73  0.05  0.01  0.1   0.66] [ 0.    0.54  0.    0.    0.46  0.    0.  ]
10 [ 0.22 -0.48 -0.95  0.44  0.82  0.13  0.7   0.56 -0.57] [ 1.  0.  0.  0.  0.  0.  0.]
11 [-0.62 -0.8  -0.94 -0.26  0.95 -0.43 -0.07 -0.57  0.71] [ 0.    0.52  0.    0.    0.48  0.    0.  ]
12 [ 0.67 -0.5   0.72 -0.73 -0.65 -0.06  0.51 -0.77  0.51] [ 0.    0.    0.41  0.59  0.    0.    0.  ]
12 [ 0.91 -0.09  0.95 -0.85 -0.85 -0.27  0.22 -0.36  0.34] [ 0.    0.    0.43  0.57  0.    0.    0.  ]
13 [ 0.86 -0.23  0.96  0.32 -0.79 -0.36  0.66  0.2   0.14] [ 0.    0.    0.57  0.42  0.    0.    0.  ]
16 [-0.51 -0.36 -0.13  0.78 -0.71 -0.49  0.69  0.66  0.51] [ 0.    0.51  0.    0.    0.    0.49  0.  ]
15 [ 0.65 -0.02 -0.66  0.97  0.68 -0.27 -0.54 -0.24  0.95] [ 0.    0.    0.    0.    0.44  0.56  0.  ]
14 [ 0.74  0.01  0.73  0.69 -0.62  0.15 -0.62 -0.71  0.5 ] [ 0.  0.  0.  0.  0.  0.  1.]
17 [-0.72  0.79  0.01  0.01  0.61 -0.51 -0.01 -0.89  0.19] [ 0.    0.01  0.    0.    0.98  0.    0.  ]
18 [ 0.27  0.66  0.68  0.33 -0.56  0.08 -0.6  -0.73  0.12] [ 0.  0.  0.  0.  0.  0.  1.]
epoch: 49000
error: 0.0011
final: 0.0001
-----
state =  0 1 2 3 4 4 4 5 8 8 7 5 6 9 18
symbol= BTBTSSXXTVPSETE
label = 010122331542616
true probabilities:
     B    T    S    X    P    V    E
1 [ 0.   0.5  0.   0.   0.5  0.   0. ]
2 [ 1.  0.  0.  0.  0.  0.  0.]
3 [ 0.   0.5  0.   0.   0.5  0.   0. ]
4 [ 0.   0.   0.5  0.5  0.   0.   0. ]
4 [ 0.   0.   0.5  0.5  0.   0.   0. ]
4 [ 0.   0.   0.5  0.5  0.   0.   0. ]
5 [ 0.   0.   0.5  0.5  0.   0.   0. ]
8 [ 0.   0.5  0.   0.   0.   0.5  0. ]
8 [ 0.   0.5  0.   0.   0.   0.5  0. ]
7 [ 0.   0.   0.   0.   0.5  0.5  0. ]
5 [ 0.   0.   0.5  0.5  0.   0.   0. ]
6 [ 0.  0.  0.  0.  0.  0.  1.]
9 [ 0.  1.  0.  0.  0.  0.  0.]
18 [ 0.  0.  0.  0.  0.  0.  1.]
hidden activations and output probabilities [BTSXPVE]:
1 [-0.7  -0.49 -0.69 -0.66  0.73  0.07  0.01  0.1   0.66] [ 0.    0.52  0.    0.    0.48  0.    0.  ]
2 [ 0.56 -0.38 -0.8  -0.92  0.6   0.03  0.68 -0.14 -0.62] [ 1.  0.  0.  0.  0.  0.  0.]
3 [ 0.27 -0.85 -0.97 -0.8   0.91 -0.59  0.12 -0.22  0.71] [ 0.    0.48  0.    0.    0.52  0.    0.  ]
4 [ 0.75 -0.47  0.69 -0.93 -0.6  -0.44  0.88 -0.39  0.62] [ 0.    0.    0.45  0.54  0.    0.    0.  ]
4 [ 0.94 -0.24  0.95 -0.95 -0.85 -0.83  0.59 -0.39  0.6 ] [ 0.    0.    0.45  0.55  0.    0.    0.  ]
4 [ 0.98 -0.23  0.99 -0.96 -0.87 -0.86  0.34 -0.34  0.4 ] [ 0.    0.    0.45  0.55  0.    0.    0.  ]
5 [ 0.97 -0.44  0.97  0.2  -0.82 -0.89  0.75  0.35  0.27] [ 0.    0.    0.56  0.44  0.    0.    0.  ]
8 [-0.27 -0.47 -0.3   0.79 -0.76 -0.93  0.73  0.72  0.68] [ 0.    0.44  0.    0.    0.    0.55  0.  ]
8 [-0.71 -0.41 -0.4   0.96 -0.57 -0.68  0.76  0.73  0.94] [ 0.    0.48  0.    0.    0.    0.51  0.  ]
7 [ 0.73 -0.04 -0.75  0.99  0.68 -0.87 -0.59 -0.24  0.99] [ 0.    0.    0.    0.    0.46  0.53  0.  ]
5 [ 0.73 -0.82  0.74  0.05 -0.75 -0.85  0.28  0.57  0.12] [ 0.    0.01  0.55  0.44  0.    0.    0.  ]
6 [ 0.27 -0.28  0.66  0.97 -0.83 -0.88 -0.55 -0.65  0.78] [ 0.  0.  0.  0.  0.  0.  1.]
9 [-0.75 -0.98  0.02  0.04 -0.39 -0.93 -0.06 -0.92  0.43] [ 0.    0.99  0.    0.    0.01  0.    0.  ]
18 [ 0.68 -0.62  0.72  0.99 -0.75 -0.26 -0.64 -0.78  0.75] [ 0.  0.  0.  0.  0.  0.  1.]
epoch: 50000
error: 0.0006
final: 0.0000
