-----
state =  0 1 10 11 12 12 13 14 17 18
symbol= BPBTSXSEPE
label = 0401232646
true probabilities:
     B    T    S    X    P    V    E
1 [ 0.   0.5  0.   0.   0.5  0.   0. ]
10 [ 1.  0.  0.  0.  0.  0.  0.]
11 [ 0.   0.5  0.   0.   0.5  0.   0. ]
12 [ 0.   0.   0.5  0.5  0.   0.   0. ]
12 [ 0.   0.   0.5  0.5  0.   0.   0. ]
13 [ 0.   0.   0.5  0.5  0.   0.   0. ]
14 [ 0.  0.  0.  0.  0.  0.  1.]
17 [ 0.  0.  0.  0.  1.  0.  0.]
18 [ 0.  0.  0.  0.  0.  0.  1.]
hidden activations and output probabilities [BTSXPVE]:
1 [-0.05 -0.05 -0.17 -0.24] [ 0.16  0.18  0.19  0.09  0.17  0.13  0.09]
10 [-0.09 -0.04 -0.25 -0.1 ] [ 0.15  0.19  0.18  0.09  0.19  0.12  0.08]
11 [-0.1  -0.08 -0.31 -0.29] [ 0.15  0.18  0.19  0.08  0.18  0.12  0.09]
12 [-0.09 -0.03 -0.17 -0.37] [ 0.16  0.18  0.2   0.08  0.17  0.12  0.09]
12 [-0.1   0.05 -0.15 -0.24] [ 0.16  0.18  0.19  0.09  0.17  0.13  0.08]
13 [ 0.    0.04 -0.2  -0.29] [ 0.16  0.18  0.2   0.08  0.16  0.13  0.09]
14 [-0.05  0.09 -0.19 -0.24] [ 0.16  0.18  0.19  0.09  0.16  0.13  0.08]
17 [-0.01  0.11 -0.26 -0.28] [ 0.16  0.18  0.2   0.08  0.16  0.13  0.09]
18 [-0.07  0.02 -0.31 -0.16] [ 0.15  0.19  0.19  0.09  0.18  0.12  0.08]
epoch: 0
error: 0.0505
final: 0.1198
-----
state =  0 1 10 11 16 16 16 16 15 13 14 17 18
symbol= BPBPTTTVPSEPE
label = 0404111542646
true probabilities:
     B    T    S    X    P    V    E
1 [ 0.   0.5  0.   0.   0.5  0.   0. ]
10 [ 1.  0.  0.  0.  0.  0.  0.]
11 [ 0.   0.5  0.   0.   0.5  0.   0. ]
16 [ 0.   0.5  0.   0.   0.   0.5  0. ]
16 [ 0.   0.5  0.   0.   0.   0.5  0. ]
16 [ 0.   0.5  0.   0.   0.   0.5  0. ]
16 [ 0.   0.5  0.   0.   0.   0.5  0. ]
15 [ 0.   0.   0.   0.   0.5  0.5  0. ]
13 [ 0.   0.   0.5  0.5  0.   0.   0. ]
14 [ 0.  0.  0.  0.  0.  0.  1.]
17 [ 0.  0.  0.  0.  1.  0.  0.]
18 [ 0.  0.  0.  0.  0.  0.  1.]
hidden activations and output probabilities [BTSXPVE]:
1 [-0.22 -0.55 -0.29  0.07] [ 0.06  0.3   0.05  0.04  0.43  0.07  0.05]
10 [-0.11  0.35  0.06  0.31] [ 0.23  0.17  0.13  0.13  0.1   0.16  0.07]
11 [-0.34 -0.5  -0.38  0.14] [ 0.05  0.31  0.05  0.05  0.43  0.06  0.05]
16 [-0.2   0.39 -0.05  0.35] [ 0.2   0.18  0.12  0.14  0.11  0.16  0.08]
16 [-0.18  0.41 -0.03  0.03] [ 0.18  0.16  0.14  0.13  0.09  0.18  0.11]
16 [-0.18  0.45 -0.08 -0.25] [ 0.15  0.14  0.16  0.13  0.08  0.19  0.15]
16 [-0.19  0.47 -0.2  -0.46] [ 0.11  0.14  0.16  0.12  0.08  0.19  0.2 ]
15 [-0.58  0.08 -0.7  -0.66] [ 0.03  0.2   0.08  0.07  0.19  0.12  0.3 ]
13 [-0.51  0.53 -0.8  -0.77] [ 0.03  0.13  0.11  0.08  0.08  0.16  0.42]
14 [-0.76  0.67 -0.92 -0.77] [ 0.02  0.11  0.08  0.07  0.06  0.14  0.52]
17 [-0.88 -0.55 -0.98 -0.57] [ 0.01  0.26  0.03  0.03  0.47  0.04  0.16]
18 [-0.72  0.61 -0.91 -0.89] [ 0.02  0.1   0.09  0.07  0.06  0.13  0.53]
epoch: 1000
error: 0.0460
final: 0.0537
-----
state =  0 1 2 3 8 7 6 9 18
symbol= BTBPVVETE
label = 010455616
true probabilities:
     B    T    S    X    P    V    E
1 [ 0.   0.5  0.   0.   0.5  0.   0. ]
2 [ 1.  0.  0.  0.  0.  0.  0.]
3 [ 0.   0.5  0.   0.   0.5  0.   0. ]
8 [ 0.   0.5  0.   0.   0.   0.5  0. ]
7 [ 0.   0.   0.   0.   0.5  0.5  0. ]
6 [ 0.  0.  0.  0.  0.  0.  1.]
9 [ 0.  1.  0.  0.  0.  0.  0.]
18 [ 0.  0.  0.  0.  0.  0.  1.]
hidden activations and output probabilities [BTSXPVE]:
1 [-0.32 -0.67 -0.39  0.26] [ 0.02  0.42  0.02  0.02  0.46  0.05  0.02]
2 [-0.12  0.62  0.54  0.55] [ 0.69  0.04  0.08  0.11  0.02  0.05  0.01]
3 [-0.34 -0.42 -0.47 -0.09] [ 0.02  0.39  0.04  0.03  0.38  0.09  0.05]
8 [-0.05  0.65 -0.4   0.35] [ 0.2   0.16  0.16  0.15  0.05  0.19  0.09]
7 [-0.56 -0.19 -0.77 -0.43] [ 0.01  0.32  0.05  0.04  0.28  0.11  0.19]
6 [-0.84  0.5  -0.93 -0.78] [ 0.    0.08  0.06  0.07  0.04  0.1   0.66]
9 [-0.95 -0.63 -0.99 -0.32] [ 0.    0.36  0.01  0.01  0.49  0.04  0.09]
18 [-0.86  0.73 -0.92 -0.91] [ 0.    0.04  0.06  0.07  0.02  0.08  0.74]
epoch: 2000
error: 0.0327
final: 0.0930
-----
state =  0 1 10 11 16 16 16 16 16 16 16 15 13 16 15 13 16 16 16 16 16 15 14 17 18
symbol= BPBPTTTTTTVPXVPXTTTTVVEPE
label = 0404111111543543111155646
true probabilities:
     B    T    S    X    P    V    E
1 [ 0.   0.5  0.   0.   0.5  0.   0. ]
10 [ 1.  0.  0.  0.  0.  0.  0.]
11 [ 0.   0.5  0.   0.   0.5  0.   0. ]
16 [ 0.   0.5  0.   0.   0.   0.5  0. ]
16 [ 0.   0.5  0.   0.   0.   0.5  0. ]
16 [ 0.   0.5  0.   0.   0.   0.5  0. ]
16 [ 0.   0.5  0.   0.   0.   0.5  0. ]
16 [ 0.   0.5  0.   0.   0.   0.5  0. ]
16 [ 0.   0.5  0.   0.   0.   0.5  0. ]
16 [ 0.   0.5  0.   0.   0.   0.5  0. ]
15 [ 0.   0.   0.   0.   0.5  0.5  0. ]
13 [ 0.   0.   0.5  0.5  0.   0.   0. ]
16 [ 0.   0.5  0.   0.   0.   0.5  0. ]
15 [ 0.   0.   0.   0.   0.5  0.5  0. ]
13 [ 0.   0.   0.5  0.5  0.   0.   0. ]
16 [ 0.   0.5  0.   0.   0.   0.5  0. ]
16 [ 0.   0.5  0.   0.   0.   0.5  0. ]
16 [ 0.   0.5  0.   0.   0.   0.5  0. ]
16 [ 0.   0.5  0.   0.   0.   0.5  0. ]
16 [ 0.   0.5  0.   0.   0.   0.5  0. ]
15 [ 0.   0.   0.   0.   0.5  0.5  0. ]
14 [ 0.  0.  0.  0.  0.  0.  1.]
17 [ 0.  0.  0.  0.  1.  0.  0.]
18 [ 0.  0.  0.  0.  0.  0.  1.]
hidden activations and output probabilities [BTSXPVE]:
1 [-0.42 -0.71 -0.35  0.43] [ 0.01  0.49  0.01  0.01  0.44  0.04  0.01]
10 [-0.05  0.66  0.33  0.83] [ 0.81  0.05  0.05  0.06  0.01  0.02  0.  ]
11 [-0.35 -0.49 -0.6  -0.  ] [ 0.01  0.46  0.02  0.01  0.38  0.1   0.03]
16 [ 0.08  0.69 -0.66  0.52] [ 0.12  0.28  0.16  0.13  0.04  0.21  0.06]
16 [ 0.34 -0.02 -0.79 -0.25] [ 0.01  0.33  0.1   0.05  0.14  0.33  0.05]
16 [ 0.48  0.18 -0.73 -0.42] [ 0.01  0.21  0.17  0.08  0.08  0.38  0.07]
16 [ 0.53 -0.1  -0.81 -0.51] [ 0.01  0.27  0.11  0.04  0.13  0.4   0.05]
16 [ 0.59  0.06 -0.75 -0.55] [ 0.01  0.2   0.16  0.06  0.09  0.42  0.06]
16 [ 0.6  -0.12 -0.78 -0.56] [ 0.01  0.25  0.12  0.04  0.12  0.42  0.04]
16 [ 0.62  0.01 -0.68 -0.56] [ 0.01  0.2   0.16  0.06  0.09  0.42  0.05]
15 [-0.03 -0.46 -0.9  -0.74] [ 0.    0.31  0.04  0.02  0.32  0.22  0.09]
13 [ 0.4   0.67 -0.96 -0.55] [ 0.01  0.09  0.25  0.13  0.02  0.33  0.19]
16 [ 0.66 -0.23 -0.96 -0.31] [ 0.    0.35  0.07  0.02  0.15  0.38  0.02]
15 [ 0.07 -0.42 -0.98 -0.8 ] [ 0.    0.3   0.04  0.02  0.28  0.26  0.1 ]
13 [ 0.48  0.64 -0.99 -0.6 ] [ 0.    0.09  0.25  0.12  0.02  0.35  0.17]
16 [ 0.67 -0.29 -0.97 -0.3 ] [ 0.    0.37  0.06  0.02  0.16  0.37  0.02]
16 [ 0.69  0.04 -0.98 -0.61] [ 0.    0.2   0.14  0.05  0.08  0.47  0.06]
16 [ 0.7  -0.25 -0.98 -0.59] [ 0.    0.28  0.08  0.03  0.14  0.44  0.03]
16 [ 0.72 -0.01 -0.96 -0.56] [ 0.    0.23  0.12  0.04  0.09  0.47  0.04]
16 [ 0.71 -0.23 -0.96 -0.54] [ 0.    0.28  0.08  0.03  0.14  0.44  0.03]
15 [ 0.15 -0.45 -0.98 -0.73] [ 0.    0.32  0.04  0.02  0.28  0.27  0.07]
14 [-0.52  0.2  -0.99 -0.87] [ 0.    0.11  0.06  0.05  0.08  0.13  0.57]
17 [-0.89 -0.66 -1.   -0.2 ] [ 0.    0.39  0.    0.    0.5   0.05  0.06]
18 [-0.69  0.74 -0.99 -0.95] [ 0.    0.02  0.05  0.06  0.01  0.05  0.82]
epoch: 3000
error: 0.0211
final: 0.0588
-----
state =  0 1 10 11 16 15 14 17 18
symbol= BPBPVVEPE
label = 040455646
true probabilities:
     B    T    S    X    P    V    E
1 [ 0.   0.5  0.   0.   0.5  0.   0. ]
10 [ 1.  0.  0.  0.  0.  0.  0.]
11 [ 0.   0.5  0.   0.   0.5  0.   0. ]
16 [ 0.   0.5  0.   0.   0.   0.5  0. ]
15 [ 0.   0.   0.   0.   0.5  0.5  0. ]
14 [ 0.  0.  0.  0.  0.  0.  1.]
17 [ 0.  0.  0.  0.  1.  0.  0.]
18 [ 0.  0.  0.  0.  0.  0.  1.]
hidden activations and output probabilities [BTSXPVE]:
1 [-0.48 -0.73 -0.34  0.52] [ 0.01  0.5   0.    0.    0.44  0.04  0.  ]
10 [-0.04  0.68  0.34  0.87] [ 0.88  0.04  0.03  0.04  0.01  0.01  0.  ]
11 [-0.33 -0.47 -0.62  0.11] [ 0.    0.49  0.01  0.01  0.37  0.1   0.02]
16 [ 0.22  0.71 -0.77  0.58] [ 0.07  0.38  0.14  0.1   0.03  0.23  0.04]
15 [-0.3  -0.46 -0.92 -0.55] [ 0.    0.32  0.02  0.01  0.37  0.19  0.09]
14 [-0.76  0.57 -0.98 -0.89] [ 0.    0.02  0.03  0.03  0.01  0.03  0.88]
17 [-0.95 -0.67 -1.   -0.11] [ 0.    0.37  0.    0.    0.54  0.04  0.05]
18 [-0.81  0.75 -1.   -0.97] [ 0.    0.01  0.03  0.03  0.    0.02  0.92]
epoch: 4000
error: 0.0181
final: 0.0504
-----
state =  0 1 10 11 16 16 16 15 13 14 17 18
symbol= BPBPTTVPSEPE
label = 040411542646
true probabilities:
     B    T    S    X    P    V    E
1 [ 0.   0.5  0.   0.   0.5  0.   0. ]
10 [ 1.  0.  0.  0.  0.  0.  0.]
11 [ 0.   0.5  0.   0.   0.5  0.   0. ]
16 [ 0.   0.5  0.   0.   0.   0.5  0. ]
16 [ 0.   0.5  0.   0.   0.   0.5  0. ]
16 [ 0.   0.5  0.   0.   0.   0.5  0. ]
15 [ 0.   0.   0.   0.   0.5  0.5  0. ]
13 [ 0.   0.   0.5  0.5  0.   0.   0. ]
14 [ 0.  0.  0.  0.  0.  0.  1.]
17 [ 0.  0.  0.  0.  1.  0.  0.]
18 [ 0.  0.  0.  0.  0.  0.  1.]
hidden activations and output probabilities [BTSXPVE]:
1 [-0.52 -0.73 -0.31  0.55] [ 0.01  0.49  0.    0.    0.46  0.03  0.  ]
10 [-0.08  0.68  0.36  0.89] [ 0.92  0.03  0.02  0.02  0.    0.01  0.  ]
11 [-0.35 -0.48 -0.62  0.18] [ 0.    0.51  0.    0.    0.38  0.09  0.01]
16 [ 0.24  0.72 -0.8   0.59] [ 0.05  0.46  0.12  0.09  0.03  0.22  0.03]
16 [ 0.63 -0.23 -0.88 -0.35] [ 0.    0.3   0.05  0.02  0.11  0.52  0.01]
16 [ 0.68 -0.09 -0.82 -0.42] [ 0.    0.24  0.08  0.04  0.07  0.55  0.01]
15 [ 0.02 -0.58 -0.96 -0.8 ] [ 0.    0.25  0.02  0.01  0.35  0.33  0.05]
13 [ 0.51  0.72 -0.99 -0.61] [ 0.    0.06  0.32  0.21  0.01  0.29  0.12]
14 [-0.61  0.8  -1.   -0.73] [ 0.    0.01  0.04  0.04  0.01  0.02  0.88]
17 [-0.92 -0.71 -1.   -0.06] [ 0.    0.34  0.    0.    0.58  0.04  0.04]
18 [-0.73  0.75 -1.   -0.97] [ 0.    0.    0.02  0.02  0.    0.01  0.94]
epoch: 5000
error: 0.0144
final: 0.0422
-----
state =  0 1 10 11 16 16 16 15 13 14 17 18
symbol= BPBPTTVPSEPE
label = 040411542646
true probabilities:
     B    T    S    X    P    V    E
1 [ 0.   0.5  0.   0.   0.5  0.   0. ]
10 [ 1.  0.  0.  0.  0.  0.  0.]
11 [ 0.   0.5  0.   0.   0.5  0.   0. ]
16 [ 0.   0.5  0.   0.   0.   0.5  0. ]
16 [ 0.   0.5  0.   0.   0.   0.5  0. ]
16 [ 0.   0.5  0.   0.   0.   0.5  0. ]
15 [ 0.   0.   0.   0.   0.5  0.5  0. ]
13 [ 0.   0.   0.5  0.5  0.   0.   0. ]
14 [ 0.  0.  0.  0.  0.  0.  1.]
17 [ 0.  0.  0.  0.  1.  0.  0.]
18 [ 0.  0.  0.  0.  0.  0.  1.]
hidden activations and output probabilities [BTSXPVE]:
1 [-0.55 -0.74 -0.31  0.57] [ 0.01  0.51  0.    0.    0.45  0.03  0.  ]
10 [-0.09  0.69  0.32  0.9 ] [ 0.94  0.02  0.02  0.01  0.    0.    0.  ]
11 [-0.38 -0.5  -0.65  0.22] [ 0.    0.54  0.    0.    0.37  0.08  0.01]
16 [ 0.28  0.73 -0.85  0.59] [ 0.03  0.54  0.1   0.07  0.03  0.22  0.02]
16 [ 0.69 -0.31 -0.9  -0.34] [ 0.    0.29  0.03  0.02  0.1   0.56  0.  ]
16 [ 0.73 -0.14 -0.83 -0.33] [ 0.    0.26  0.06  0.03  0.07  0.58  0.  ]
15 [ 0.07 -0.6  -0.96 -0.8 ] [ 0.    0.24  0.01  0.01  0.33  0.38  0.03]
13 [ 0.58  0.73 -0.99 -0.61] [ 0.    0.05  0.35  0.24  0.01  0.27  0.08]
14 [-0.64  0.8  -1.   -0.71] [ 0.    0.01  0.02  0.02  0.    0.01  0.93]
17 [-0.93 -0.71 -1.   -0.04] [ 0.    0.35  0.    0.    0.58  0.03  0.03]
18 [-0.73  0.75 -1.   -0.98] [ 0.    0.    0.01  0.01  0.    0.01  0.96]
epoch: 6000
error: 0.0125
final: 0.0431
-----
state =  0 1 10 11 16 15 13 14 17 18
symbol= BPBPVPSEPE
label = 0404542646
true probabilities:
     B    T    S    X    P    V    E
1 [ 0.   0.5  0.   0.   0.5  0.   0. ]
10 [ 1.  0.  0.  0.  0.  0.  0.]
11 [ 0.   0.5  0.   0.   0.5  0.   0. ]
16 [ 0.   0.5  0.   0.   0.   0.5  0. ]
15 [ 0.   0.   0.   0.   0.5  0.5  0. ]
13 [ 0.   0.   0.5  0.5  0.   0.   0. ]
14 [ 0.  0.  0.  0.  0.  0.  1.]
17 [ 0.  0.  0.  0.  1.  0.  0.]
18 [ 0.  0.  0.  0.  0.  0.  1.]
hidden activations and output probabilities [BTSXPVE]:
1 [-0.58 -0.74 -0.3   0.58] [ 0.01  0.55  0.    0.    0.42  0.02  0.  ]
10 [-0.1   0.69  0.32  0.9 ] [ 0.96  0.02  0.01  0.01  0.    0.    0.  ]
11 [-0.42 -0.52 -0.65  0.23] [ 0.    0.57  0.    0.    0.35  0.06  0.01]
16 [ 0.29  0.73 -0.85  0.56] [ 0.02  0.57  0.09  0.06  0.02  0.22  0.02]
15 [-0.05 -0.56 -0.96 -0.67] [ 0.    0.29  0.01  0.01  0.36  0.31  0.03]
13 [ 0.57  0.74 -0.99 -0.52] [ 0.    0.05  0.38  0.24  0.01  0.26  0.05]
14 [-0.67  0.83 -1.   -0.67] [ 0.    0.01  0.02  0.02  0.    0.01  0.95]
17 [-0.92 -0.7  -1.   -0.03] [ 0.    0.39  0.    0.    0.55  0.03  0.03]
18 [-0.72  0.75 -1.   -0.98] [ 0.    0.    0.01  0.01  0.    0.    0.97]
epoch: 7000
error: 0.0152
final: 0.0510
-----
state =  0 1 10 11 16 16 15 13 14 17 18
symbol= BPBPTVPSEPE
label = 04041542646
true probabilities:
     B    T    S    X    P    V    E
1 [ 0.   0.5  0.   0.   0.5  0.   0. ]
10 [ 1.  0.  0.  0.  0.  0.  0.]
11 [ 0.   0.5  0.   0.   0.5  0.   0. ]
16 [ 0.   0.5  0.   0.   0.   0.5  0. ]
16 [ 0.   0.5  0.   0.   0.   0.5  0. ]
15 [ 0.   0.   0.   0.   0.5  0.5  0. ]
13 [ 0.   0.   0.5  0.5  0.   0.   0. ]
14 [ 0.  0.  0.  0.  0.  0.  1.]
17 [ 0.  0.  0.  0.  1.  0.  0.]
18 [ 0.  0.  0.  0.  0.  0.  1.]
hidden activations and output probabilities [BTSXPVE]:
1 [-0.61 -0.74 -0.29  0.57] [ 0.01  0.52  0.    0.    0.45  0.02  0.  ]
10 [-0.11  0.7   0.32  0.89] [ 0.97  0.01  0.01  0.01  0.    0.    0.  ]
11 [-0.44 -0.53 -0.64  0.23] [ 0.    0.55  0.    0.    0.38  0.06  0.  ]
16 [ 0.29  0.73 -0.86  0.49] [ 0.01  0.55  0.09  0.06  0.02  0.26  0.01]
16 [ 0.7  -0.32 -0.93 -0.29] [ 0.    0.32  0.02  0.01  0.08  0.56  0.  ]
15 [-0.02 -0.55 -0.99 -0.85] [ 0.    0.21  0.01  0.01  0.37  0.36  0.03]
13 [ 0.59  0.75 -1.   -0.85] [ 0.    0.02  0.47  0.28  0.    0.18  0.05]
14 [-0.69  0.84 -1.   -0.68] [ 0.    0.    0.01  0.01  0.    0.01  0.96]
17 [-0.92 -0.7  -1.   -0.02] [ 0.    0.37  0.    0.    0.58  0.03  0.02]
18 [-0.73  0.75 -1.   -0.99] [ 0.    0.    0.01  0.01  0.    0.    0.98]
epoch: 8000
error: 0.0087
final: 0.0441
-----
state =  0 1 2 3 4 5 6 9 18
symbol= BTBTXSETE
label = 010132616
true probabilities:
     B    T    S    X    P    V    E
1 [ 0.   0.5  0.   0.   0.5  0.   0. ]
2 [ 1.  0.  0.  0.  0.  0.  0.]
3 [ 0.   0.5  0.   0.   0.5  0.   0. ]
4 [ 0.   0.   0.5  0.5  0.   0.   0. ]
5 [ 0.   0.   0.5  0.5  0.   0.   0. ]
6 [ 0.  0.  0.  0.  0.  0.  1.]
9 [ 0.  1.  0.  0.  0.  0.  0.]
18 [ 0.  0.  0.  0.  0.  0.  1.]
hidden activations and output probabilities [BTSXPVE]:
1 [-0.61 -0.75 -0.29  0.56] [ 0.01  0.54  0.    0.    0.43  0.02  0.  ]
2 [-0.39  0.71  0.72  0.57] [ 0.99  0.    0.    0.01  0.    0.    0.  ]
3 [-0.45 -0.5  -0.47  0.12] [ 0.    0.49  0.    0.    0.44  0.06  0.  ]
4 [-0.08  0.72  0.52 -0.33] [ 0.04  0.    0.44  0.49  0.    0.01  0.01]
5 [ 0.59  0.82 -0.31 -0.4 ] [ 0.    0.01  0.52  0.41  0.    0.05  0.  ]
6 [-0.58  0.92 -0.76 -0.72] [ 0.    0.    0.03  0.03  0.    0.    0.94]
9 [-0.83 -0.69 -0.96 -0.01] [ 0.    0.39  0.    0.    0.56  0.03  0.02]
18 [-0.85  0.75 -0.52 -0.91] [ 0.    0.    0.01  0.01  0.    0.    0.97]
epoch: 9000
error: 0.0012
final: 0.0986
-----
state =  0 1 2 3 8 7 6 9 18
symbol= BTBPVVETE
label = 010455616
true probabilities:
     B    T    S    X    P    V    E
1 [ 0.   0.5  0.   0.   0.5  0.   0. ]
2 [ 1.  0.  0.  0.  0.  0.  0.]
3 [ 0.   0.5  0.   0.   0.5  0.   0. ]
8 [ 0.   0.5  0.   0.   0.   0.5  0. ]
7 [ 0.   0.   0.   0.   0.5  0.5  0. ]
6 [ 0.  0.  0.  0.  0.  0.  1.]
9 [ 0.  1.  0.  0.  0.  0.  0.]
18 [ 0.  0.  0.  0.  0.  0.  1.]
hidden activations and output probabilities [BTSXPVE]:
1 [-0.62 -0.75 -0.29  0.55] [ 0.    0.52  0.    0.    0.46  0.01  0.  ]
2 [-0.39  0.71  0.72  0.53] [ 0.99  0.    0.    0.    0.    0.    0.  ]
3 [-0.45 -0.52 -0.47  0.12] [ 0.    0.47  0.    0.    0.47  0.06  0.  ]
8 [ 0.3   0.73 -0.79  0.42] [ 0.01  0.51  0.09  0.07  0.02  0.3   0.01]
7 [ 0.04 -0.51 -0.95 -0.71] [ 0.    0.22  0.01  0.01  0.34  0.41  0.01]
6 [-0.62  0.5  -0.99 -0.95] [ 0.    0.    0.01  0.01  0.    0.01  0.97]
9 [-0.8  -0.68 -1.   -0.01] [ 0.    0.38  0.    0.    0.57  0.04  0.01]
18 [-0.82  0.75 -0.94 -0.9 ] [ 0.    0.    0.    0.    0.    0.    0.99]
epoch: 10000
error: 0.0067
final: 0.1018
-----
state =  0 1 10 11 16 16 15 13 14 17 18
symbol= BPBPTVPSEPE
label = 04041542646
true probabilities:
     B    T    S    X    P    V    E
1 [ 0.   0.5  0.   0.   0.5  0.   0. ]
10 [ 1.  0.  0.  0.  0.  0.  0.]
11 [ 0.   0.5  0.   0.   0.5  0.   0. ]
16 [ 0.   0.5  0.   0.   0.   0.5  0. ]
16 [ 0.   0.5  0.   0.   0.   0.5  0. ]
15 [ 0.   0.   0.   0.   0.5  0.5  0. ]
13 [ 0.   0.   0.5  0.5  0.   0.   0. ]
14 [ 0.  0.  0.  0.  0.  0.  1.]
17 [ 0.  0.  0.  0.  1.  0.  0.]
18 [ 0.  0.  0.  0.  0.  0.  1.]
hidden activations and output probabilities [BTSXPVE]:
1 [-0.64 -0.75 -0.27  0.54] [ 0.    0.49  0.    0.    0.49  0.01  0.  ]
10 [-0.1   0.7   0.24  0.88] [ 0.99  0.01  0.    0.    0.    0.    0.  ]
11 [-0.48 -0.6  -0.67  0.14] [ 0.    0.47  0.    0.    0.47  0.05  0.  ]
16 [ 0.29  0.74 -0.88  0.36] [ 0.    0.51  0.08  0.06  0.01  0.33  0.01]
16 [ 0.72 -0.3  -0.96 -0.19] [ 0.    0.34  0.01  0.01  0.06  0.58  0.  ]
15 [ 0.01 -0.58 -0.99 -0.87] [ 0.    0.15  0.01  0.01  0.43  0.39  0.01]
13 [ 0.62  0.75 -1.   -0.89] [ 0.    0.01  0.46  0.35  0.    0.16  0.02]
14 [-0.7   0.85 -1.   -0.66] [ 0.    0.    0.    0.    0.    0.    0.99]
17 [-0.78 -0.7  -1.   -0.01] [ 0.    0.35  0.    0.    0.61  0.03  0.01]
18 [-0.71  0.75 -1.   -0.99] [ 0.    0.    0.    0.    0.    0.    0.99]
epoch: 11000
error: 0.0048
final: 0.0398
-----
state =  0 1 10 11 12 13 16 16 16 15 14 17 18
symbol= BPBTXXTTVVEPE
label = 0401331155646
true probabilities:
     B    T    S    X    P    V    E
1 [ 0.   0.5  0.   0.   0.5  0.   0. ]
10 [ 1.  0.  0.  0.  0.  0.  0.]
11 [ 0.   0.5  0.   0.   0.5  0.   0. ]
12 [ 0.   0.   0.5  0.5  0.   0.   0. ]
13 [ 0.   0.   0.5  0.5  0.   0.   0. ]
16 [ 0.   0.5  0.   0.   0.   0.5  0. ]
16 [ 0.   0.5  0.   0.   0.   0.5  0. ]
16 [ 0.   0.5  0.   0.   0.   0.5  0. ]
15 [ 0.   0.   0.   0.   0.5  0.5  0. ]
14 [ 0.  0.  0.  0.  0.  0.  1.]
17 [ 0.  0.  0.  0.  1.  0.  0.]
18 [ 0.  0.  0.  0.  0.  0.  1.]
hidden activations and output probabilities [BTSXPVE]:
1 [-0.64 -0.75 -0.26  0.53] [ 0.    0.49  0.    0.    0.5   0.01  0.  ]
10 [-0.08  0.7   0.21  0.88] [ 0.99  0.01  0.    0.    0.    0.    0.  ]
11 [-0.48 -0.61 -0.68  0.14] [ 0.    0.47  0.    0.    0.48  0.05  0.  ]
12 [-0.06  0.73  0.41 -0.36] [ 0.01  0.    0.45  0.51  0.    0.01  0.01]
13 [ 0.65  0.8  -0.35 -0.41] [ 0.    0.01  0.53  0.4   0.    0.06  0.  ]
16 [ 0.76 -0.26 -0.88 -0.11] [ 0.    0.34  0.01  0.01  0.05  0.59  0.  ]
16 [ 0.76 -0.32 -0.9  -0.16] [ 0.    0.33  0.01  0.01  0.05  0.6   0.  ]
16 [ 0.75 -0.27 -0.87 -0.17] [ 0.    0.32  0.02  0.01  0.05  0.6   0.  ]
15 [ 0.07 -0.58 -0.97 -0.89] [ 0.    0.12  0.01  0.01  0.39  0.45  0.01]
14 [-0.63  0.51 -0.99 -0.98] [ 0.    0.    0.    0.    0.    0.    0.99]
17 [-0.67 -0.69 -1.   -0.01] [ 0.    0.38  0.    0.    0.57  0.04  0.01]
18 [-0.59  0.75 -1.   -1.  ] [ 0.    0.    0.    0.    0.    0.    0.99]
epoch: 12000
error: 0.0035
final: 0.0465
-----
state =  0 1 2 3 8 8 7 6 9 18
symbol= BTBPTVVETE
label = 0104155616
true probabilities:
     B    T    S    X    P    V    E
1 [ 0.   0.5  0.   0.   0.5  0.   0. ]
2 [ 1.  0.  0.  0.  0.  0.  0.]
3 [ 0.   0.5  0.   0.   0.5  0.   0. ]
8 [ 0.   0.5  0.   0.   0.   0.5  0. ]
8 [ 0.   0.5  0.   0.   0.   0.5  0. ]
7 [ 0.   0.   0.   0.   0.5  0.5  0. ]
6 [ 0.  0.  0.  0.  0.  0.  1.]
9 [ 0.  1.  0.  0.  0.  0.  0.]
18 [ 0.  0.  0.  0.  0.  0.  1.]
hidden activations and output probabilities [BTSXPVE]:
1 [-0.65 -0.75 -0.27  0.53] [ 0.    0.53  0.    0.    0.46  0.01  0.  ]
2 [-0.39  0.72  0.72  0.45] [ 0.99  0.    0.    0.    0.    0.    0.  ]
3 [-0.5  -0.54 -0.48  0.1 ] [ 0.    0.44  0.    0.    0.52  0.04  0.  ]
8 [ 0.3   0.73 -0.82  0.29] [ 0.    0.43  0.09  0.07  0.01  0.38  0.01]
8 [ 0.72 -0.25 -0.95 -0.15] [ 0.    0.35  0.01  0.01  0.04  0.59  0.  ]
7 [ 0.04 -0.53 -0.99 -0.87] [ 0.    0.13  0.02  0.01  0.38  0.46  0.01]
6 [-0.64  0.57 -1.   -0.98] [ 0.    0.    0.    0.    0.    0.    0.99]
9 [-0.61 -0.69 -1.   -0.01] [ 0.    0.43  0.    0.    0.52  0.04  0.01]
18 [-0.81  0.75 -0.98 -0.83] [ 0.  0.  0.  0.  0.  0.  1.]
epoch: 13000
error: 0.0037
final: 0.0858
-----
state =  0 1 2 3 8 7 6 9 18
symbol= BTBPVVETE
label = 010455616
true probabilities:
     B    T    S    X    P    V    E
1 [ 0.   0.5  0.   0.   0.5  0.   0. ]
2 [ 1.  0.  0.  0.  0.  0.  0.]
3 [ 0.   0.5  0.   0.   0.5  0.   0. ]
8 [ 0.   0.5  0.   0.   0.   0.5  0. ]
7 [ 0.   0.   0.   0.   0.5  0.5  0. ]
6 [ 0.  0.  0.  0.  0.  0.  1.]
9 [ 0.  1.  0.  0.  0.  0.  0.]
18 [ 0.  0.  0.  0.  0.  0.  1.]
hidden activations and output probabilities [BTSXPVE]:
1 [-0.66 -0.75 -0.26  0.53] [ 0.    0.54  0.    0.    0.45  0.01  0.  ]
2 [-0.38  0.72  0.72  0.46] [ 0.99  0.    0.    0.    0.    0.    0.  ]
3 [-0.51 -0.53 -0.49  0.16] [ 0.    0.48  0.    0.    0.48  0.04  0.  ]
8 [ 0.3   0.73 -0.82  0.35] [ 0.    0.52  0.07  0.05  0.01  0.34  0.  ]
7 [ 0.06 -0.5  -0.96 -0.72] [ 0.    0.18  0.01  0.01  0.37  0.42  0.01]
6 [-0.62  0.51 -0.99 -0.95] [ 0.    0.    0.    0.    0.    0.    0.99]
9 [-0.59 -0.7  -1.   -0.01] [ 0.    0.44  0.    0.    0.51  0.04  0.  ]
18 [-0.8   0.74 -0.95 -0.81] [ 0.  0.  0.  0.  0.  0.  1.]
epoch: 14000
error: 0.0043
final: 0.0818
-----
state =  0 1 2 3 4 5 8 8 7 6 9 18
symbol= BTBTXXTVVETE
label = 010133155616
true probabilities:
     B    T    S    X    P    V    E
1 [ 0.   0.5  0.   0.   0.5  0.   0. ]
2 [ 1.  0.  0.  0.  0.  0.  0.]
3 [ 0.   0.5  0.   0.   0.5  0.   0. ]
4 [ 0.   0.   0.5  0.5  0.   0.   0. ]
5 [ 0.   0.   0.5  0.5  0.   0.   0. ]
8 [ 0.   0.5  0.   0.   0.   0.5  0. ]
8 [ 0.   0.5  0.   0.   0.   0.5  0. ]
7 [ 0.   0.   0.   0.   0.5  0.5  0. ]
6 [ 0.  0.  0.  0.  0.  0.  1.]
9 [ 0.  1.  0.  0.  0.  0.  0.]
18 [ 0.  0.  0.  0.  0.  0.  1.]
hidden activations and output probabilities [BTSXPVE]:
1 [-0.66 -0.75 -0.24  0.52] [ 0.    0.5   0.    0.    0.49  0.01  0.  ]
2 [-0.37  0.72  0.72  0.47] [ 1.  0.  0.  0.  0.  0.  0.]
3 [-0.52 -0.53 -0.49  0.18] [ 0.    0.46  0.    0.    0.5   0.03  0.  ]
4 [-0.09  0.73  0.55 -0.35] [ 0.01  0.    0.42  0.56  0.    0.    0.  ]
5 [ 0.64  0.82 -0.23 -0.45] [ 0.    0.    0.53  0.43  0.    0.03  0.  ]
8 [ 0.76 -0.21 -0.86 -0.1 ] [ 0.    0.37  0.01  0.01  0.03  0.58  0.  ]
8 [ 0.74 -0.31 -0.92 -0.12] [ 0.    0.39  0.01  0.01  0.04  0.56  0.  ]
7 [ 0.07 -0.56 -0.98 -0.91] [ 0.    0.1   0.02  0.01  0.42  0.45  0.01]
6 [-0.64  0.53 -1.   -0.98] [ 0.    0.    0.    0.    0.    0.    0.99]
9 [-0.59 -0.7  -1.   -0.  ] [ 0.    0.4   0.    0.    0.56  0.04  0.  ]
18 [-0.8   0.74 -0.97 -0.79] [ 0.  0.  0.  0.  0.  0.  1.]
epoch: 15000
error: 0.0019
final: 0.0958
-----
state =  0 1 2 3 8 7 5 8 8 8 7 5 6 9 18
symbol= BTBPVPXTTVPSETE
label = 010454311542616
true probabilities:
     B    T    S    X    P    V    E
1 [ 0.   0.5  0.   0.   0.5  0.   0. ]
2 [ 1.  0.  0.  0.  0.  0.  0.]
3 [ 0.   0.5  0.   0.   0.5  0.   0. ]
8 [ 0.   0.5  0.   0.   0.   0.5  0. ]
7 [ 0.   0.   0.   0.   0.5  0.5  0. ]
5 [ 0.   0.   0.5  0.5  0.   0.   0. ]
8 [ 0.   0.5  0.   0.   0.   0.5  0. ]
8 [ 0.   0.5  0.   0.   0.   0.5  0. ]
8 [ 0.   0.5  0.   0.   0.   0.5  0. ]
7 [ 0.   0.   0.   0.   0.5  0.5  0. ]
5 [ 0.   0.   0.5  0.5  0.   0.   0. ]
6 [ 0.  0.  0.  0.  0.  0.  1.]
9 [ 0.  1.  0.  0.  0.  0.  0.]
18 [ 0.  0.  0.  0.  0.  0.  1.]
hidden activations and output probabilities [BTSXPVE]:
1 [-0.67 -0.75 -0.24  0.52] [ 0.    0.52  0.    0.    0.47  0.01  0.  ]
2 [-0.37  0.72  0.72  0.47] [ 1.  0.  0.  0.  0.  0.  0.]
3 [-0.53 -0.54 -0.49  0.2 ] [ 0.    0.48  0.    0.    0.49  0.03  0.  ]
8 [ 0.3   0.73 -0.82  0.39] [ 0.    0.54  0.05  0.04  0.01  0.36  0.  ]
7 [ 0.08 -0.49 -0.96 -0.73] [ 0.    0.15  0.01  0.01  0.37  0.46  0.  ]
5 [ 0.69  0.75 -0.99 -0.84] [ 0.    0.    0.48  0.34  0.    0.17  0.  ]
8 [ 0.78 -0.48 -1.   -0.05] [ 0.    0.48  0.    0.    0.04  0.47  0.  ]
8 [ 0.76 -0.23 -0.99 -0.12] [ 0.    0.35  0.01  0.01  0.03  0.61  0.  ]
8 [ 0.76 -0.34 -1.   -0.11] [ 0.    0.4   0.01  0.    0.04  0.56  0.  ]
7 [ 0.1  -0.58 -1.   -0.94] [ 0.    0.08  0.02  0.01  0.41  0.47  0.  ]
5 [ 0.68  0.75 -1.   -0.96] [ 0.    0.    0.5   0.36  0.    0.13  0.  ]
6 [-0.7   0.81 -1.   -0.55] [ 0.  0.  0.  0.  0.  0.  1.]
9 [-0.64 -0.71 -1.   -0.01] [ 0.    0.39  0.    0.    0.57  0.03  0.01]
18 [-0.84  0.75 -1.   -0.78] [ 0.  0.  0.  0.  0.  0.  1.]
epoch: 16000
error: 0.0036
final: 0.1005
-----
state =  0 1 10 11 12 12 13 16 16 16 15 14 17 18
symbol= BPBTSXXTTVVEPE
label = 04012331155646
true probabilities:
     B    T    S    X    P    V    E
1 [ 0.   0.5  0.   0.   0.5  0.   0. ]
10 [ 1.  0.  0.  0.  0.  0.  0.]
11 [ 0.   0.5  0.   0.   0.5  0.   0. ]
12 [ 0.   0.   0.5  0.5  0.   0.   0. ]
12 [ 0.   0.   0.5  0.5  0.   0.   0. ]
13 [ 0.   0.   0.5  0.5  0.   0.   0. ]
16 [ 0.   0.5  0.   0.   0.   0.5  0. ]
16 [ 0.   0.5  0.   0.   0.   0.5  0. ]
16 [ 0.   0.5  0.   0.   0.   0.5  0. ]
15 [ 0.   0.   0.   0.   0.5  0.5  0. ]
14 [ 0.  0.  0.  0.  0.  0.  1.]
17 [ 0.  0.  0.  0.  1.  0.  0.]
18 [ 0.  0.  0.  0.  0.  0.  1.]
hidden activations and output probabilities [BTSXPVE]:
1 [-0.67 -0.75 -0.24  0.51] [ 0.    0.5   0.    0.    0.5   0.01  0.  ]
10 [-0.03  0.7   0.14  0.88] [ 1.  0.  0.  0.  0.  0.  0.]
11 [-0.53 -0.64 -0.7   0.17] [ 0.    0.48  0.    0.    0.49  0.03  0.  ]
12 [-0.1   0.74  0.4  -0.34] [ 0.    0.    0.45  0.54  0.    0.01  0.01]
12 [-0.19  0.91  0.42 -0.82] [ 0.    0.    0.43  0.55  0.    0.    0.02]
13 [ 0.64  0.9  -0.29 -0.47] [ 0.    0.    0.55  0.43  0.    0.02  0.  ]
16 [ 0.76 -0.18 -0.86 -0.09] [ 0.    0.35  0.01  0.01  0.03  0.6   0.  ]
16 [ 0.76 -0.36 -0.93 -0.08] [ 0.    0.42  0.01  0.    0.04  0.54  0.  ]
16 [ 0.75 -0.26 -0.9  -0.1 ] [ 0.    0.37  0.01  0.01  0.03  0.58  0.  ]
15 [ 0.07 -0.59 -0.98 -0.93] [ 0.    0.08  0.01  0.01  0.47  0.43  0.  ]
14 [-0.64  0.54 -0.99 -0.99] [ 0.  0.  0.  0.  0.  0.  1.]
17 [-0.55 -0.7  -1.   -0.  ] [ 0.    0.41  0.    0.    0.55  0.04  0.  ]
18 [-0.55  0.75 -1.   -1.  ] [ 0.  0.  0.  0.  0.  0.  1.]
epoch: 17000
error: 0.0019
final: 0.0523
-----
state =  0 1 10 11 12 12 13 16 16 16 16 16 16 16 15 14 17 18
symbol= BPBTSXXTTTTTTVVEPE
label = 040123311111155646
true probabilities:
     B    T    S    X    P    V    E
1 [ 0.   0.5  0.   0.   0.5  0.   0. ]
10 [ 1.  0.  0.  0.  0.  0.  0.]
11 [ 0.   0.5  0.   0.   0.5  0.   0. ]
12 [ 0.   0.   0.5  0.5  0.   0.   0. ]
12 [ 0.   0.   0.5  0.5  0.   0.   0. ]
13 [ 0.   0.   0.5  0.5  0.   0.   0. ]
16 [ 0.   0.5  0.   0.   0.   0.5  0. ]
16 [ 0.   0.5  0.   0.   0.   0.5  0. ]
16 [ 0.   0.5  0.   0.   0.   0.5  0. ]
16 [ 0.   0.5  0.   0.   0.   0.5  0. ]
16 [ 0.   0.5  0.   0.   0.   0.5  0. ]
16 [ 0.   0.5  0.   0.   0.   0.5  0. ]
16 [ 0.   0.5  0.   0.   0.   0.5  0. ]
15 [ 0.   0.   0.   0.   0.5  0.5  0. ]
14 [ 0.  0.  0.  0.  0.  0.  1.]
17 [ 0.  0.  0.  0.  1.  0.  0.]
18 [ 0.  0.  0.  0.  0.  0.  1.]
hidden activations and output probabilities [BTSXPVE]:
1 [-0.68 -0.75 -0.24  0.5 ] [ 0.    0.51  0.    0.    0.48  0.01  0.  ]
10 [-0.01  0.7   0.12  0.88] [ 1.  0.  0.  0.  0.  0.  0.]
11 [-0.54 -0.65 -0.71  0.13] [ 0.    0.47  0.    0.    0.51  0.03  0.  ]
12 [-0.12  0.74  0.36 -0.37] [ 0.    0.    0.44  0.55  0.    0.01  0.01]
12 [-0.2   0.91  0.37 -0.84] [ 0.    0.    0.42  0.56  0.    0.    0.02]
13 [ 0.65  0.9  -0.33 -0.49] [ 0.    0.    0.55  0.42  0.    0.03  0.  ]
16 [ 0.77 -0.22 -0.88 -0.08] [ 0.    0.36  0.01  0.01  0.03  0.59  0.  ]
16 [ 0.76 -0.35 -0.93 -0.07] [ 0.    0.42  0.01  0.    0.03  0.54  0.  ]
16 [ 0.77 -0.29 -0.91 -0.08] [ 0.    0.39  0.01  0.    0.03  0.57  0.  ]
16 [ 0.77 -0.31 -0.92 -0.08] [ 0.    0.4   0.01  0.    0.03  0.56  0.  ]
16 [ 0.76 -0.3  -0.91 -0.08] [ 0.    0.39  0.01  0.    0.03  0.56  0.  ]
16 [ 0.76 -0.3  -0.91 -0.08] [ 0.    0.4   0.01  0.    0.03  0.56  0.  ]
16 [ 0.76 -0.3  -0.9  -0.08] [ 0.    0.39  0.01  0.    0.03  0.57  0.  ]
15 [ 0.1  -0.58 -0.98 -0.95] [ 0.    0.07  0.02  0.02  0.42  0.48  0.  ]
14 [-0.62  0.54 -0.99 -0.99] [ 0.  0.  0.  0.  0.  0.  1.]
17 [-0.53 -0.71 -1.   -0.  ] [ 0.    0.44  0.    0.    0.52  0.04  0.  ]
18 [-0.52  0.75 -1.   -1.  ] [ 0.    0.    0.    0.    0.    0.    0.99]
epoch: 18000
error: 0.0019
final: 0.0597
-----
state =  0 1 2 3 4 5 6 9 18
symbol= BTBTXSETE
label = 010132616
true probabilities:
     B    T    S    X    P    V    E
1 [ 0.   0.5  0.   0.   0.5  0.   0. ]
2 [ 1.  0.  0.  0.  0.  0.  0.]
3 [ 0.   0.5  0.   0.   0.5  0.   0. ]
4 [ 0.   0.   0.5  0.5  0.   0.   0. ]
5 [ 0.   0.   0.5  0.5  0.   0.   0. ]
6 [ 0.  0.  0.  0.  0.  0.  1.]
9 [ 0.  1.  0.  0.  0.  0.  0.]
18 [ 0.  0.  0.  0.  0.  0.  1.]
hidden activations and output probabilities [BTSXPVE]:
1 [-0.68 -0.75 -0.23  0.5 ] [ 0.    0.51  0.    0.    0.48  0.01  0.  ]
2 [-0.35  0.72  0.71  0.46] [ 1.  0.  0.  0.  0.  0.  0.]
3 [-0.56 -0.54 -0.49  0.22] [ 0.    0.49  0.    0.    0.48  0.02  0.  ]
4 [-0.09  0.74  0.54 -0.31] [ 0.01  0.    0.47  0.52  0.    0.    0.  ]
5 [ 0.67  0.82 -0.21 -0.51] [ 0.    0.    0.56  0.41  0.    0.02  0.  ]
6 [-0.6   0.89 -0.71 -0.65] [ 0.    0.    0.    0.    0.    0.    0.99]
9 [-0.47 -0.69 -0.95 -0.  ] [ 0.    0.45  0.    0.    0.51  0.04  0.  ]
18 [-0.82  0.74 -0.57 -0.65] [ 0.  0.  0.  0.  0.  0.  1.]
epoch: 19000
error: 0.0007
final: 0.0806
-----
state =  0 1 10 11 16 15 13 16 15 13 14 17 18
symbol= BPBPVPXVPSEPE
label = 0404543542646
true probabilities:
     B    T    S    X    P    V    E
1 [ 0.   0.5  0.   0.   0.5  0.   0. ]
10 [ 1.  0.  0.  0.  0.  0.  0.]
11 [ 0.   0.5  0.   0.   0.5  0.   0. ]
16 [ 0.   0.5  0.   0.   0.   0.5  0. ]
15 [ 0.   0.   0.   0.   0.5  0.5  0. ]
13 [ 0.   0.   0.5  0.5  0.   0.   0. ]
16 [ 0.   0.5  0.   0.   0.   0.5  0. ]
15 [ 0.   0.   0.   0.   0.5  0.5  0. ]
13 [ 0.   0.   0.5  0.5  0.   0.   0. ]
14 [ 0.  0.  0.  0.  0.  0.  1.]
17 [ 0.  0.  0.  0.  1.  0.  0.]
18 [ 0.  0.  0.  0.  0.  0.  1.]
hidden activations and output probabilities [BTSXPVE]:
1 [-0.69 -0.75 -0.22  0.5 ] [ 0.    0.52  0.    0.    0.47  0.    0.  ]
10 [ 0.01  0.7   0.17  0.88] [ 1.  0.  0.  0.  0.  0.  0.]
11 [-0.55 -0.65 -0.69  0.21] [ 0.    0.54  0.    0.    0.44  0.02  0.  ]
16 [ 0.32  0.74 -0.9   0.4 ] [ 0.    0.57  0.03  0.02  0.    0.37  0.  ]
15 [ 0.11 -0.51 -0.98 -0.73] [ 0.    0.12  0.01  0.01  0.35  0.5   0.  ]
13 [ 0.71  0.75 -1.   -0.86] [ 0.    0.    0.47  0.38  0.    0.15  0.  ]
16 [ 0.78 -0.47 -1.   -0.03] [ 0.    0.52  0.    0.    0.03  0.45  0.  ]
15 [ 0.15 -0.57 -1.   -0.96] [ 0.    0.06  0.02  0.02  0.36  0.54  0.  ]
13 [ 0.7   0.75 -1.   -0.98] [ 0.    0.    0.49  0.4   0.    0.11  0.  ]
14 [-0.71  0.79 -1.   -0.43] [ 0.  0.  0.  0.  0.  0.  1.]
17 [-0.64 -0.71 -1.   -0.  ] [ 0.    0.4   0.    0.    0.57  0.03  0.  ]
18 [-0.63  0.75 -1.   -0.99] [ 0.  0.  0.  0.  0.  0.  1.]
epoch: 20000
error: 0.0032
final: 0.0484
-----
state =  0 1 10 11 16 15 13 14 17 18
symbol= BPBPVPSEPE
label = 0404542646
true probabilities:
     B    T    S    X    P    V    E
1 [ 0.   0.5  0.   0.   0.5  0.   0. ]
10 [ 1.  0.  0.  0.  0.  0.  0.]
11 [ 0.   0.5  0.   0.   0.5  0.   0. ]
16 [ 0.   0.5  0.   0.   0.   0.5  0. ]
15 [ 0.   0.   0.   0.   0.5  0.5  0. ]
13 [ 0.   0.   0.5  0.5  0.   0.   0. ]
14 [ 0.  0.  0.  0.  0.  0.  1.]
17 [ 0.  0.  0.  0.  1.  0.  0.]
18 [ 0.  0.  0.  0.  0.  0.  1.]
hidden activations and output probabilities [BTSXPVE]:
1 [-0.69 -0.75 -0.21  0.49] [ 0.    0.52  0.    0.    0.47  0.    0.  ]
10 [ 0.02  0.7   0.18  0.88] [ 1.  0.  0.  0.  0.  0.  0.]
11 [-0.57 -0.65 -0.69  0.23] [ 0.    0.55  0.    0.    0.43  0.02  0.  ]
16 [ 0.31  0.74 -0.9   0.39] [ 0.    0.55  0.03  0.02  0.    0.39  0.  ]
15 [-0.   -0.53 -0.98 -0.74] [ 0.    0.12  0.01  0.01  0.48  0.39  0.  ]
13 [ 0.68  0.75 -1.   -0.88] [ 0.    0.    0.53  0.33  0.    0.13  0.  ]
14 [-0.71  0.79 -1.   -0.42] [ 0.  0.  0.  0.  0.  0.  1.]
17 [-0.64 -0.72 -1.   -0.  ] [ 0.    0.39  0.    0.    0.58  0.02  0.  ]
18 [-0.62  0.75 -1.   -0.98] [ 0.  0.  0.  0.  0.  0.  1.]
epoch: 21000
error: 0.0035
final: 0.0477
-----
state =  0 1 2 3 8 8 7 6 9 18
symbol= BTBPTVVETE
label = 0104155616
true probabilities:
     B    T    S    X    P    V    E
1 [ 0.   0.5  0.   0.   0.5  0.   0. ]
2 [ 1.  0.  0.  0.  0.  0.  0.]
3 [ 0.   0.5  0.   0.   0.5  0.   0. ]
8 [ 0.   0.5  0.   0.   0.   0.5  0. ]
8 [ 0.   0.5  0.   0.   0.   0.5  0. ]
7 [ 0.   0.   0.   0.   0.5  0.5  0. ]
6 [ 0.  0.  0.  0.  0.  0.  1.]
9 [ 0.  1.  0.  0.  0.  0.  0.]
18 [ 0.  0.  0.  0.  0.  0.  1.]
hidden activations and output probabilities [BTSXPVE]:
1 [-0.69 -0.75 -0.2   0.49] [ 0.    0.51  0.    0.    0.48  0.    0.  ]
2 [-0.34  0.72  0.71  0.47] [ 1.  0.  0.  0.  0.  0.  0.]
3 [-0.58 -0.54 -0.49  0.24] [ 0.    0.51  0.    0.    0.47  0.02  0.  ]
8 [ 0.3   0.73 -0.83  0.42] [ 0.    0.58  0.03  0.02  0.    0.36  0.  ]
8 [ 0.74 -0.28 -0.95 -0.05] [ 0.    0.43  0.    0.    0.02  0.54  0.  ]
7 [ 0.08 -0.6  -0.99 -0.91] [ 0.    0.06  0.01  0.01  0.45  0.46  0.  ]
6 [-0.64  0.54 -1.   -0.99] [ 0.  0.  0.  0.  0.  0.  1.]
9 [-0.54 -0.72 -1.   -0.  ] [ 0.    0.44  0.    0.    0.53  0.03  0.  ]
18 [-0.79  0.74 -0.98 -0.65] [ 0.  0.  0.  0.  0.  0.  1.]
epoch: 22000
error: 0.0016
final: 0.0856
-----
state =  0 1 10 11 16 15 13 14 17 18
symbol= BPBPVPSEPE
label = 0404542646
true probabilities:
     B    T    S    X    P    V    E
1 [ 0.   0.5  0.   0.   0.5  0.   0. ]
10 [ 1.  0.  0.  0.  0.  0.  0.]
11 [ 0.   0.5  0.   0.   0.5  0.   0. ]
16 [ 0.   0.5  0.   0.   0.   0.5  0. ]
15 [ 0.   0.   0.   0.   0.5  0.5  0. ]
13 [ 0.   0.   0.5  0.5  0.   0.   0. ]
14 [ 0.  0.  0.  0.  0.  0.  1.]
17 [ 0.  0.  0.  0.  1.  0.  0.]
18 [ 0.  0.  0.  0.  0.  0.  1.]
hidden activations and output probabilities [BTSXPVE]:
1 [-0.7  -0.75 -0.2   0.48] [ 0.    0.5   0.    0.    0.49  0.    0.  ]
10 [ 0.05  0.7   0.13  0.88] [ 1.  0.  0.  0.  0.  0.  0.]
11 [-0.58 -0.66 -0.7   0.16] [ 0.    0.47  0.    0.    0.51  0.02  0.  ]
16 [ 0.31  0.74 -0.91  0.34] [ 0.    0.5   0.03  0.03  0.    0.44  0.  ]
15 [ 0.02 -0.54 -0.98 -0.74] [ 0.    0.1   0.01  0.01  0.45  0.43  0.  ]
13 [ 0.69  0.75 -1.   -0.87] [ 0.    0.    0.51  0.36  0.    0.14  0.  ]
14 [-0.71  0.78 -1.   -0.37] [ 0.  0.  0.  0.  0.  0.  1.]
17 [-0.64 -0.72 -1.   -0.  ] [ 0.    0.37  0.    0.    0.6   0.02  0.  ]
18 [-0.6   0.75 -1.   -0.98] [ 0.  0.  0.  0.  0.  0.  1.]
epoch: 23000
error: 0.0022
final: 0.0429
-----
state =  0 1 2 3 4 5 8 7 6 9 18
symbol= BTBTXXVVETE
label = 01013355616
true probabilities:
     B    T    S    X    P    V    E
1 [ 0.   0.5  0.   0.   0.5  0.   0. ]
2 [ 1.  0.  0.  0.  0.  0.  0.]
3 [ 0.   0.5  0.   0.   0.5  0.   0. ]
4 [ 0.   0.   0.5  0.5  0.   0.   0. ]
5 [ 0.   0.   0.5  0.5  0.   0.   0. ]
8 [ 0.   0.5  0.   0.   0.   0.5  0. ]
7 [ 0.   0.   0.   0.   0.5  0.5  0. ]
6 [ 0.  0.  0.  0.  0.  0.  1.]
9 [ 0.  1.  0.  0.  0.  0.  0.]
18 [ 0.  0.  0.  0.  0.  0.  1.]
hidden activations and output probabilities [BTSXPVE]:
1 [-0.7  -0.75 -0.2   0.47] [ 0.    0.51  0.    0.    0.48  0.    0.  ]
2 [-0.35  0.72  0.71  0.43] [ 1.  0.  0.  0.  0.  0.  0.]
3 [-0.6  -0.55 -0.49  0.15] [ 0.    0.43  0.    0.    0.55  0.02  0.  ]
4 [-0.14  0.74  0.51 -0.4 ] [ 0.    0.    0.46  0.54  0.    0.    0.  ]
5 [ 0.69  0.82 -0.19 -0.55] [ 0.    0.    0.57  0.41  0.    0.01  0.  ]
8 [ 0.77 -0.26 -0.85 -0.07] [ 0.    0.37  0.01  0.    0.02  0.6   0.  ]
7 [ 0.11 -0.6  -0.98 -0.93] [ 0.    0.05  0.01  0.01  0.42  0.5   0.  ]
6 [-0.62  0.55 -0.99 -0.99] [ 0.  0.  0.  0.  0.  0.  1.]
9 [-0.51 -0.73 -1.   -0.  ] [ 0.    0.46  0.    0.    0.5   0.03  0.  ]
18 [-0.78  0.74 -0.97 -0.63] [ 0.  0.  0.  0.  0.  0.  1.]
epoch: 24000
error: 0.0018
final: 0.0775
-----
state =  0 1 2 3 4 5 6 9 18
symbol= BTBTXSETE
label = 010132616
true probabilities:
     B    T    S    X    P    V    E
1 [ 0.   0.5  0.   0.   0.5  0.   0. ]
2 [ 1.  0.  0.  0.  0.  0.  0.]
3 [ 0.   0.5  0.   0.   0.5  0.   0. ]
4 [ 0.   0.   0.5  0.5  0.   0.   0. ]
5 [ 0.   0.   0.5  0.5  0.   0.   0. ]
6 [ 0.  0.  0.  0.  0.  0.  1.]
9 [ 0.  1.  0.  0.  0.  0.  0.]
18 [ 0.  0.  0.  0.  0.  0.  1.]
hidden activations and output probabilities [BTSXPVE]:
1 [-0.7  -0.75 -0.2   0.46] [ 0.   0.5  0.   0.   0.5  0.   0. ]
2 [-0.34  0.72  0.71  0.43] [ 1.  0.  0.  0.  0.  0.  0.]
3 [-0.6  -0.54 -0.47  0.17] [ 0.    0.44  0.    0.    0.55  0.02  0.  ]
4 [-0.11  0.74  0.51 -0.38] [ 0.    0.    0.49  0.51  0.    0.    0.  ]
5 [ 0.7   0.83 -0.18 -0.56] [ 0.    0.    0.63  0.36  0.    0.01  0.  ]
6 [-0.61  0.89 -0.63 -0.58] [ 0.    0.    0.    0.    0.    0.    0.99]
9 [-0.45 -0.69 -0.94 -0.  ] [ 0.    0.47  0.    0.    0.49  0.04  0.  ]
18 [-0.81  0.74 -0.57 -0.59] [ 0.  0.  0.  0.  0.  0.  1.]
epoch: 25000
error: 0.0021
final: 0.0749
-----
state =  0 1 2 3 8 7 5 6 9 18
symbol= BTBPVPSETE
label = 0104542616
true probabilities:
     B    T    S    X    P    V    E
1 [ 0.   0.5  0.   0.   0.5  0.   0. ]
2 [ 1.  0.  0.  0.  0.  0.  0.]
3 [ 0.   0.5  0.   0.   0.5  0.   0. ]
8 [ 0.   0.5  0.   0.   0.   0.5  0. ]
7 [ 0.   0.   0.   0.   0.5  0.5  0. ]
5 [ 0.   0.   0.5  0.5  0.   0.   0. ]
6 [ 0.  0.  0.  0.  0.  0.  1.]
9 [ 0.  1.  0.  0.  0.  0.  0.]
18 [ 0.  0.  0.  0.  0.  0.  1.]
hidden activations and output probabilities [BTSXPVE]:
1 [-0.7  -0.75 -0.18  0.46] [ 0.    0.48  0.    0.    0.52  0.    0.  ]
2 [-0.31  0.72  0.71  0.49] [ 1.  0.  0.  0.  0.  0.  0.]
3 [-0.6  -0.55 -0.44  0.27] [ 0.    0.51  0.    0.    0.48  0.01  0.  ]
8 [ 0.33  0.73 -0.8   0.51] [ 0.01  0.64  0.02  0.01  0.    0.32  0.  ]
7 [ 0.13 -0.5  -0.96 -0.74] [ 0.    0.09  0.01  0.01  0.33  0.56  0.  ]
5 [ 0.72  0.75 -0.99 -0.88] [ 0.    0.    0.49  0.38  0.    0.13  0.  ]
6 [-0.71  0.77 -1.   -0.29] [ 0.  0.  0.  0.  0.  0.  1.]
9 [-0.7  -0.72 -1.   -0.  ] [ 0.    0.34  0.    0.    0.64  0.02  0.  ]
18 [-0.82  0.75 -0.99 -0.74] [ 0.  0.  0.  0.  0.  0.  1.]
epoch: 26000
error: 0.0045
final: 0.1203
-----
state =  0 1 2 3 8 8 8 7 6 9 18
symbol= BTBPTTVVETE
label = 01041155616
true probabilities:
     B    T    S    X    P    V    E
1 [ 0.   0.5  0.   0.   0.5  0.   0. ]
2 [ 1.  0.  0.  0.  0.  0.  0.]
3 [ 0.   0.5  0.   0.   0.5  0.   0. ]
8 [ 0.   0.5  0.   0.   0.   0.5  0. ]
8 [ 0.   0.5  0.   0.   0.   0.5  0. ]
8 [ 0.   0.5  0.   0.   0.   0.5  0. ]
7 [ 0.   0.   0.   0.   0.5  0.5  0. ]
6 [ 0.  0.  0.  0.  0.  0.  1.]
9 [ 0.  1.  0.  0.  0.  0.  0.]
18 [ 0.  0.  0.  0.  0.  0.  1.]
hidden activations and output probabilities [BTSXPVE]:
1 [-0.71 -0.75 -0.19  0.46] [ 0.    0.53  0.    0.    0.46  0.    0.  ]
2 [-0.35  0.72  0.71  0.43] [ 1.  0.  0.  0.  0.  0.  0.]
3 [-0.63 -0.54 -0.47  0.16] [ 0.    0.44  0.    0.    0.55  0.02  0.  ]
8 [ 0.29  0.73 -0.84  0.29] [ 0.    0.42  0.05  0.04  0.    0.49  0.  ]
8 [ 0.73 -0.21 -0.96 -0.03] [ 0.    0.39  0.    0.    0.01  0.59  0.  ]
8 [ 0.74 -0.33 -0.98 -0.03] [ 0.    0.43  0.    0.    0.01  0.55  0.  ]
7 [ 0.05 -0.61 -1.   -0.96] [ 0.    0.04  0.01  0.01  0.47  0.46  0.  ]
6 [-0.65  0.56 -1.   -0.99] [ 0.  0.  0.  0.  0.  0.  1.]
9 [-0.51 -0.73 -1.   -0.  ] [ 0.    0.49  0.    0.    0.48  0.03  0.  ]
18 [-0.8   0.74 -0.99 -0.65] [ 0.  0.  0.  0.  0.  0.  1.]
epoch: 27000
error: 0.0014
final: 0.0706
-----
state =  0 1 2 3 4 4 4 5 6 9 18
symbol= BTBTSSXSETE
label = 01012232616
true probabilities:
     B    T    S    X    P    V    E
1 [ 0.   0.5  0.   0.   0.5  0.   0. ]
2 [ 1.  0.  0.  0.  0.  0.  0.]
3 [ 0.   0.5  0.   0.   0.5  0.   0. ]
4 [ 0.   0.   0.5  0.5  0.   0.   0. ]
4 [ 0.   0.   0.5  0.5  0.   0.   0. ]
4 [ 0.   0.   0.5  0.5  0.   0.   0. ]
5 [ 0.   0.   0.5  0.5  0.   0.   0. ]
6 [ 0.  0.  0.  0.  0.  0.  1.]
9 [ 0.  1.  0.  0.  0.  0.  0.]
18 [ 0.  0.  0.  0.  0.  0.  1.]
hidden activations and output probabilities [BTSXPVE]:
1 [-0.71 -0.75 -0.18  0.45] [ 0.    0.52  0.    0.    0.48  0.    0.  ]
2 [-0.35  0.72  0.7   0.47] [ 1.  0.  0.  0.  0.  0.  0.]
3 [-0.65 -0.54 -0.46  0.18] [ 0.    0.44  0.    0.    0.55  0.01  0.  ]
4 [-0.18  0.74  0.54 -0.38] [ 0.    0.    0.45  0.55  0.    0.    0.  ]
4 [-0.16  0.89  0.55 -0.82] [ 0.    0.    0.45  0.55  0.    0.    0.  ]
4 [-0.12  0.95  0.56 -0.93] [ 0.    0.    0.46  0.54  0.    0.    0.  ]
5 [ 0.68  0.93 -0.12 -0.59] [ 0.    0.    0.57  0.42  0.    0.01  0.  ]
6 [-0.6   0.92 -0.48 -0.53] [ 0.    0.    0.    0.    0.    0.    0.99]
9 [-0.38 -0.66 -0.9  -0.  ] [ 0.    0.53  0.    0.    0.42  0.05  0.  ]
18 [-0.8   0.73 -0.44 -0.53] [ 0.  0.  0.  0.  0.  0.  1.]
epoch: 28000
error: 0.0009
final: 0.0564
-----
state =  0 1 2 3 4 5 8 8 7 5 6 9 18
symbol= BTBTXXTVPSETE
label = 0101331542616
true probabilities:
     B    T    S    X    P    V    E
1 [ 0.   0.5  0.   0.   0.5  0.   0. ]
2 [ 1.  0.  0.  0.  0.  0.  0.]
3 [ 0.   0.5  0.   0.   0.5  0.   0. ]
4 [ 0.   0.   0.5  0.5  0.   0.   0. ]
5 [ 0.   0.   0.5  0.5  0.   0.   0. ]
8 [ 0.   0.5  0.   0.   0.   0.5  0. ]
8 [ 0.   0.5  0.   0.   0.   0.5  0. ]
7 [ 0.   0.   0.   0.   0.5  0.5  0. ]
5 [ 0.   0.   0.5  0.5  0.   0.   0. ]
6 [ 0.  0.  0.  0.  0.  0.  1.]
9 [ 0.  1.  0.  0.  0.  0.  0.]
18 [ 0.  0.  0.  0.  0.  0.  1.]
hidden activations and output probabilities [BTSXPVE]:
1 [-0.71 -0.75 -0.18  0.45] [ 0.    0.51  0.    0.    0.49  0.    0.  ]
2 [-0.35  0.72  0.7   0.48] [ 1.  0.  0.  0.  0.  0.  0.]
3 [-0.64 -0.54 -0.45  0.2 ] [ 0.    0.44  0.    0.    0.54  0.01  0.  ]
4 [-0.17  0.74  0.55 -0.35] [ 0.    0.    0.45  0.54  0.    0.    0.  ]
5 [ 0.7   0.83 -0.13 -0.58] [ 0.    0.    0.59  0.41  0.    0.01  0.  ]
8 [ 0.77 -0.29 -0.82 -0.06] [ 0.    0.37  0.01  0.    0.02  0.61  0.  ]
8 [ 0.76 -0.38 -0.88 -0.03] [ 0.    0.44  0.    0.    0.02  0.54  0.  ]
7 [ 0.08 -0.61 -0.98 -0.96] [ 0.    0.04  0.01  0.01  0.44  0.49  0.  ]
5 [ 0.7   0.75 -1.   -0.98] [ 0.    0.    0.54  0.37  0.    0.09  0.  ]
6 [-0.71  0.76 -1.   -0.27] [ 0.  0.  0.  0.  0.  0.  1.]
9 [-0.69 -0.73 -1.   -0.  ] [ 0.    0.37  0.    0.    0.61  0.02  0.  ]
18 [-0.83  0.75 -0.99 -0.73] [ 0.  0.  0.  0.  0.  0.  1.]
epoch: 29000
error: 0.0019
final: 0.1098
-----
state =  0 1 10 11 16 15 13 16 15 13 16 16 16 16 16 15 14 17 18
symbol= BPBPVPXVPXTTTTVVEPE
label = 0404543543111155646
true probabilities:
     B    T    S    X    P    V    E
1 [ 0.   0.5  0.   0.   0.5  0.   0. ]
10 [ 1.  0.  0.  0.  0.  0.  0.]
11 [ 0.   0.5  0.   0.   0.5  0.   0. ]
16 [ 0.   0.5  0.   0.   0.   0.5  0. ]
15 [ 0.   0.   0.   0.   0.5  0.5  0. ]
13 [ 0.   0.   0.5  0.5  0.   0.   0. ]
16 [ 0.   0.5  0.   0.   0.   0.5  0. ]
15 [ 0.   0.   0.   0.   0.5  0.5  0. ]
13 [ 0.   0.   0.5  0.5  0.   0.   0. ]
16 [ 0.   0.5  0.   0.   0.   0.5  0. ]
16 [ 0.   0.5  0.   0.   0.   0.5  0. ]
16 [ 0.   0.5  0.   0.   0.   0.5  0. ]
16 [ 0.   0.5  0.   0.   0.   0.5  0. ]
16 [ 0.   0.5  0.   0.   0.   0.5  0. ]
15 [ 0.   0.   0.   0.   0.5  0.5  0. ]
14 [ 0.  0.  0.  0.  0.  0.  1.]
17 [ 0.  0.  0.  0.  1.  0.  0.]
18 [ 0.  0.  0.  0.  0.  0.  1.]
hidden activations and output probabilities [BTSXPVE]:
1 [-0.71 -0.75 -0.18  0.44] [ 0.    0.53  0.    0.    0.47  0.    0.  ]
10 [ 0.11  0.7   0.05  0.88] [ 1.  0.  0.  0.  0.  0.  0.]
11 [-0.61 -0.67 -0.71  0.11] [ 0.    0.47  0.    0.    0.52  0.02  0.  ]
16 [ 0.32  0.74 -0.93  0.27] [ 0.    0.38  0.03  0.03  0.    0.55  0.  ]
15 [ 0.01 -0.53 -0.99 -0.74] [ 0.    0.08  0.01  0.01  0.45  0.45  0.  ]
13 [ 0.7   0.75 -1.   -0.89] [ 0.    0.    0.51  0.38  0.    0.11  0.  ]
16 [ 0.78 -0.48 -1.   -0.02] [ 0.    0.49  0.    0.    0.01  0.49  0.  ]
15 [ 0.11 -0.61 -1.   -0.97] [ 0.    0.03  0.01  0.01  0.42  0.51  0.  ]
13 [ 0.71  0.75 -1.   -0.99] [ 0.    0.    0.53  0.39  0.    0.08  0.  ]
16 [ 0.78 -0.48 -1.   -0.02] [ 0.    0.49  0.    0.    0.01  0.49  0.  ]
16 [ 0.77 -0.34 -1.   -0.03] [ 0.    0.42  0.    0.    0.01  0.57  0.  ]
16 [ 0.78 -0.39 -1.   -0.03] [ 0.    0.45  0.    0.    0.01  0.54  0.  ]
16 [ 0.78 -0.38 -1.   -0.03] [ 0.    0.44  0.    0.    0.01  0.55  0.  ]
16 [ 0.78 -0.38 -1.   -0.03] [ 0.    0.44  0.    0.    0.01  0.54  0.  ]
15 [ 0.12 -0.63 -1.   -0.99] [ 0.    0.03  0.01  0.01  0.43  0.51  0.  ]
14 [-0.63  0.51 -1.   -1.  ] [ 0.  0.  0.  0.  0.  0.  1.]
17 [-0.55 -0.74 -1.   -0.  ] [ 0.    0.47  0.    0.    0.5   0.03  0.  ]
18 [-0.46  0.75 -1.   -1.  ] [ 0.  0.  0.  0.  0.  0.  1.]
epoch: 30000
error: 0.0013
final: 0.0666
-----
state =  0 1 2 3 4 5 8 7 6 9 18
symbol= BTBTXXVVETE
label = 01013355616
true probabilities:
     B    T    S    X    P    V    E
1 [ 0.   0.5  0.   0.   0.5  0.   0. ]
2 [ 1.  0.  0.  0.  0.  0.  0.]
3 [ 0.   0.5  0.   0.   0.5  0.   0. ]
4 [ 0.   0.   0.5  0.5  0.   0.   0. ]
5 [ 0.   0.   0.5  0.5  0.   0.   0. ]
8 [ 0.   0.5  0.   0.   0.   0.5  0. ]
7 [ 0.   0.   0.   0.   0.5  0.5  0. ]
6 [ 0.  0.  0.  0.  0.  0.  1.]
9 [ 0.  1.  0.  0.  0.  0.  0.]
18 [ 0.  0.  0.  0.  0.  0.  1.]
hidden activations and output probabilities [BTSXPVE]:
1 [-0.71 -0.75 -0.16  0.44] [ 0.    0.53  0.    0.    0.47  0.    0.  ]
2 [-0.33  0.72  0.7   0.49] [ 1.  0.  0.  0.  0.  0.  0.]
3 [-0.65 -0.54 -0.44  0.24] [ 0.    0.51  0.    0.    0.48  0.01  0.  ]
4 [-0.17  0.74  0.57 -0.32] [ 0.    0.    0.46  0.53  0.    0.    0.  ]
5 [ 0.7   0.83 -0.11 -0.57] [ 0.    0.    0.59  0.4   0.    0.01  0.  ]
8 [ 0.77 -0.3  -0.81 -0.06] [ 0.    0.39  0.01  0.    0.01  0.59  0.  ]
7 [ 0.06 -0.63 -0.97 -0.94] [ 0.    0.04  0.01  0.01  0.5   0.44  0.  ]
6 [-0.66  0.54 -0.99 -0.99] [ 0.  0.  0.  0.  0.  0.  1.]
9 [-0.55 -0.74 -1.   -0.  ] [ 0.    0.48  0.    0.    0.5   0.03  0.  ]
18 [-0.8   0.74 -0.97 -0.66] [ 0.  0.  0.  0.  0.  0.  1.]
epoch: 31000
error: 0.0014
final: 0.0740
-----
state =  0 1 10 11 12 13 16 15 13 16 16 15 13 14 17 18
symbol= BPBTXXVPXTVPSEPE
label = 0401335431542646
true probabilities:
     B    T    S    X    P    V    E
1 [ 0.   0.5  0.   0.   0.5  0.   0. ]
10 [ 1.  0.  0.  0.  0.  0.  0.]
11 [ 0.   0.5  0.   0.   0.5  0.   0. ]
12 [ 0.   0.   0.5  0.5  0.   0.   0. ]
13 [ 0.   0.   0.5  0.5  0.   0.   0. ]
16 [ 0.   0.5  0.   0.   0.   0.5  0. ]
15 [ 0.   0.   0.   0.   0.5  0.5  0. ]
13 [ 0.   0.   0.5  0.5  0.   0.   0. ]
16 [ 0.   0.5  0.   0.   0.   0.5  0. ]
16 [ 0.   0.5  0.   0.   0.   0.5  0. ]
15 [ 0.   0.   0.   0.   0.5  0.5  0. ]
13 [ 0.   0.   0.5  0.5  0.   0.   0. ]
14 [ 0.  0.  0.  0.  0.  0.  1.]
17 [ 0.  0.  0.  0.  1.  0.  0.]
18 [ 0.  0.  0.  0.  0.  0.  1.]
hidden activations and output probabilities [BTSXPVE]:
1 [-0.71 -0.75 -0.16  0.43] [ 0.    0.49  0.    0.    0.51  0.    0.  ]
10 [ 0.14  0.69  0.06  0.88] [ 1.  0.  0.  0.  0.  0.  0.]
11 [-0.61 -0.67 -0.71  0.12] [ 0.    0.45  0.    0.    0.53  0.01  0.  ]
12 [-0.17  0.74  0.29 -0.36] [ 0.    0.    0.45  0.54  0.    0.    0.  ]
13 [ 0.72  0.79 -0.39 -0.51] [ 0.    0.    0.58  0.39  0.    0.03  0.  ]
16 [ 0.77 -0.43 -0.91 -0.04] [ 0.    0.45  0.    0.    0.02  0.53  0.  ]
15 [ 0.09 -0.61 -0.98 -0.95] [ 0.    0.03  0.01  0.01  0.45  0.5   0.  ]
13 [ 0.71  0.75 -1.   -0.98] [ 0.    0.    0.56  0.36  0.    0.08  0.  ]
16 [ 0.78 -0.47 -1.   -0.02] [ 0.    0.48  0.    0.    0.01  0.5   0.  ]
16 [ 0.77 -0.34 -1.   -0.03] [ 0.    0.42  0.    0.    0.01  0.57  0.  ]
15 [ 0.1  -0.63 -1.   -0.98] [ 0.    0.03  0.01  0.01  0.44  0.5   0.  ]
13 [ 0.71  0.75 -1.   -0.99] [ 0.    0.    0.56  0.37  0.    0.07  0.  ]
14 [-0.71  0.76 -1.   -0.25] [ 0.  0.  0.  0.  0.  0.  1.]
17 [-0.71 -0.73 -1.   -0.  ] [ 0.    0.36  0.    0.    0.62  0.02  0.  ]
18 [-0.56  0.75 -1.   -0.98] [ 0.  0.  0.  0.  0.  0.  1.]
epoch: 32000
error: 0.0015
final: 0.0394
-----
state =  0 1 2 3 8 8 7 6 9 18
symbol= BTBPTVVETE
label = 0104155616
true probabilities:
     B    T    S    X    P    V    E
1 [ 0.   0.5  0.   0.   0.5  0.   0. ]
2 [ 1.  0.  0.  0.  0.  0.  0.]
3 [ 0.   0.5  0.   0.   0.5  0.   0. ]
8 [ 0.   0.5  0.   0.   0.   0.5  0. ]
8 [ 0.   0.5  0.   0.   0.   0.5  0. ]
7 [ 0.   0.   0.   0.   0.5  0.5  0. ]
6 [ 0.  0.  0.  0.  0.  0.  1.]
9 [ 0.  1.  0.  0.  0.  0.  0.]
18 [ 0.  0.  0.  0.  0.  0.  1.]
hidden activations and output probabilities [BTSXPVE]:
1 [-0.71 -0.75 -0.15  0.44] [ 0.    0.52  0.    0.    0.48  0.    0.  ]
2 [-0.32  0.72  0.7   0.5 ] [ 1.  0.  0.  0.  0.  0.  0.]
3 [-0.65 -0.53 -0.43  0.25] [ 0.    0.52  0.    0.    0.47  0.01  0.  ]
8 [ 0.31  0.73 -0.82  0.46] [ 0.01  0.61  0.02  0.01  0.    0.36  0.  ]
8 [ 0.75 -0.32 -0.95 -0.02] [ 0.    0.42  0.    0.    0.01  0.56  0.  ]
7 [ 0.1  -0.62 -0.99 -0.92] [ 0.    0.04  0.01  0.01  0.41  0.53  0.  ]
6 [-0.63  0.53 -1.   -0.99] [ 0.  0.  0.  0.  0.  0.  1.]
9 [-0.57 -0.74 -1.   -0.  ] [ 0.    0.47  0.    0.    0.51  0.02  0.  ]
18 [-0.78  0.75 -0.99 -0.68] [ 0.  0.  0.  0.  0.  0.  1.]
epoch: 33000
error: 0.0019
final: 0.0776
-----
state =  0 1 10 11 12 12 13 16 16 16 16 16 16 15 13 14 17 18
symbol= BPBTSXXTTTTTVPSEPE
label = 040123311111542646
true probabilities:
     B    T    S    X    P    V    E
1 [ 0.   0.5  0.   0.   0.5  0.   0. ]
10 [ 1.  0.  0.  0.  0.  0.  0.]
11 [ 0.   0.5  0.   0.   0.5  0.   0. ]
12 [ 0.   0.   0.5  0.5  0.   0.   0. ]
12 [ 0.   0.   0.5  0.5  0.   0.   0. ]
13 [ 0.   0.   0.5  0.5  0.   0.   0. ]
16 [ 0.   0.5  0.   0.   0.   0.5  0. ]
16 [ 0.   0.5  0.   0.   0.   0.5  0. ]
16 [ 0.   0.5  0.   0.   0.   0.5  0. ]
16 [ 0.   0.5  0.   0.   0.   0.5  0. ]
16 [ 0.   0.5  0.   0.   0.   0.5  0. ]
16 [ 0.   0.5  0.   0.   0.   0.5  0. ]
15 [ 0.   0.   0.   0.   0.5  0.5  0. ]
13 [ 0.   0.   0.5  0.5  0.   0.   0. ]
14 [ 0.  0.  0.  0.  0.  0.  1.]
17 [ 0.  0.  0.  0.  1.  0.  0.]
18 [ 0.  0.  0.  0.  0.  0.  1.]
hidden activations and output probabilities [BTSXPVE]:
1 [-0.72 -0.75 -0.14  0.42] [ 0.    0.46  0.    0.    0.53  0.    0.  ]
10 [ 0.17  0.69  0.12  0.87] [ 1.  0.  0.  0.  0.  0.  0.]
11 [-0.62 -0.66 -0.7   0.14] [ 0.    0.47  0.    0.    0.52  0.01  0.  ]
12 [-0.17  0.74  0.31 -0.32] [ 0.    0.    0.43  0.56  0.    0.    0.  ]
12 [-0.26  0.9   0.38 -0.8 ] [ 0.    0.    0.41  0.58  0.    0.    0.01]
13 [ 0.7   0.9  -0.34 -0.63] [ 0.    0.    0.54  0.45  0.    0.01  0.  ]
16 [ 0.77 -0.33 -0.89 -0.03] [ 0.    0.39  0.    0.    0.01  0.59  0.  ]
16 [ 0.76 -0.38 -0.92 -0.02] [ 0.    0.43  0.    0.    0.01  0.55  0.  ]
16 [ 0.75 -0.35 -0.92 -0.03] [ 0.    0.42  0.    0.    0.01  0.57  0.  ]
16 [ 0.75 -0.36 -0.93 -0.03] [ 0.    0.42  0.    0.    0.01  0.57  0.  ]
16 [ 0.75 -0.35 -0.94 -0.03] [ 0.    0.42  0.    0.    0.01  0.57  0.  ]
16 [ 0.75 -0.36 -0.95 -0.03] [ 0.    0.42  0.    0.    0.01  0.57  0.  ]
15 [ 0.06 -0.63 -0.99 -0.99] [ 0.    0.03  0.01  0.01  0.48  0.47  0.  ]
13 [ 0.7   0.75 -1.   -0.99] [ 0.    0.    0.51  0.42  0.    0.07  0.  ]
14 [-0.72  0.76 -1.   -0.21] [ 0.  0.  0.  0.  0.  0.  1.]
17 [-0.74 -0.72 -1.   -0.  ] [ 0.    0.33  0.    0.    0.65  0.01  0.  ]
18 [-0.56  0.75 -1.   -0.98] [ 0.  0.  0.  0.  0.  0.  1.]
epoch: 34000
error: 0.0014
final: 0.0332
-----
state =  0 1 10 11 16 15 14 17 18
symbol= BPBPVVEPE
label = 040455646
true probabilities:
     B    T    S    X    P    V    E
1 [ 0.   0.5  0.   0.   0.5  0.   0. ]
10 [ 1.  0.  0.  0.  0.  0.  0.]
11 [ 0.   0.5  0.   0.   0.5  0.   0. ]
16 [ 0.   0.5  0.   0.   0.   0.5  0. ]
15 [ 0.   0.   0.   0.   0.5  0.5  0. ]
14 [ 0.  0.  0.  0.  0.  0.  1.]
17 [ 0.  0.  0.  0.  1.  0.  0.]
18 [ 0.  0.  0.  0.  0.  0.  1.]
hidden activations and output probabilities [BTSXPVE]:
1 [-0.72 -0.75 -0.13  0.42] [ 0.    0.49  0.    0.    0.51  0.    0.  ]
10 [ 0.17  0.69  0.1   0.88] [ 1.  0.  0.  0.  0.  0.  0.]
11 [-0.62 -0.66 -0.7   0.14] [ 0.    0.49  0.    0.    0.49  0.01  0.  ]
16 [ 0.33  0.74 -0.93  0.35] [ 0.    0.47  0.02  0.02  0.    0.49  0.  ]
15 [-0.01 -0.52 -0.99 -0.74] [ 0.    0.07  0.01  0.01  0.45  0.46  0.  ]
14 [-0.68  0.54 -1.   -0.96] [ 0.  0.  0.  0.  0.  0.  1.]
17 [-0.6  -0.74 -1.   -0.  ] [ 0.    0.45  0.    0.    0.53  0.02  0.  ]
18 [-0.49  0.75 -1.   -0.99] [ 0.  0.  0.  0.  0.  0.  1.]
epoch: 35000
error: 0.0005
final: 0.0597
-----
state =  0 1 2 3 8 7 6 9 18
symbol= BTBPVVETE
label = 010455616
true probabilities:
     B    T    S    X    P    V    E
1 [ 0.   0.5  0.   0.   0.5  0.   0. ]
2 [ 1.  0.  0.  0.  0.  0.  0.]
3 [ 0.   0.5  0.   0.   0.5  0.   0. ]
8 [ 0.   0.5  0.   0.   0.   0.5  0. ]
7 [ 0.   0.   0.   0.   0.5  0.5  0. ]
6 [ 0.  0.  0.  0.  0.  0.  1.]
9 [ 0.  1.  0.  0.  0.  0.  0.]
18 [ 0.  0.  0.  0.  0.  0.  1.]
hidden activations and output probabilities [BTSXPVE]:
1 [-0.71 -0.75 -0.11  0.43] [ 0.   0.5  0.   0.   0.5  0.   0. ]
2 [-0.27  0.72  0.7   0.5 ] [ 1.  0.  0.  0.  0.  0.  0.]
3 [-0.65 -0.52 -0.38  0.32] [ 0.    0.6   0.    0.    0.39  0.01  0.  ]
8 [ 0.36  0.73 -0.78  0.55] [ 0.01  0.69  0.01  0.01  0.    0.28  0.  ]
7 [ 0.05 -0.51 -0.96 -0.74] [ 0.    0.07  0.01  0.01  0.38  0.52  0.  ]
6 [-0.64  0.49 -0.99 -0.96] [ 0.  0.  0.  0.  0.  0.  1.]
9 [-0.63 -0.74 -1.   -0.  ] [ 0.    0.44  0.    0.    0.54  0.02  0.  ]
18 [-0.77  0.75 -0.98 -0.73] [ 0.  0.  0.  0.  0.  0.  1.]
epoch: 36000
error: 0.0060
final: 0.0861
-----
state =  0 1 10 11 16 15 13 16 16 15 13 16 15 14 17 18
symbol= BPBPVPXTVPXVVEPE
label = 0404543154355646
true probabilities:
     B    T    S    X    P    V    E
1 [ 0.   0.5  0.   0.   0.5  0.   0. ]
10 [ 1.  0.  0.  0.  0.  0.  0.]
11 [ 0.   0.5  0.   0.   0.5  0.   0. ]
16 [ 0.   0.5  0.   0.   0.   0.5  0. ]
15 [ 0.   0.   0.   0.   0.5  0.5  0. ]
13 [ 0.   0.   0.5  0.5  0.   0.   0. ]
16 [ 0.   0.5  0.   0.   0.   0.5  0. ]
16 [ 0.   0.5  0.   0.   0.   0.5  0. ]
15 [ 0.   0.   0.   0.   0.5  0.5  0. ]
13 [ 0.   0.   0.5  0.5  0.   0.   0. ]
16 [ 0.   0.5  0.   0.   0.   0.5  0. ]
15 [ 0.   0.   0.   0.   0.5  0.5  0. ]
14 [ 0.  0.  0.  0.  0.  0.  1.]
17 [ 0.  0.  0.  0.  1.  0.  0.]
18 [ 0.  0.  0.  0.  0.  0.  1.]
hidden activations and output probabilities [BTSXPVE]:
1 [-0.72 -0.75 -0.11  0.42] [ 0.    0.48  0.    0.    0.52  0.    0.  ]
10 [ 0.22  0.69  0.18  0.87] [ 1.  0.  0.  0.  0.  0.  0.]
11 [-0.63 -0.65 -0.68  0.16] [ 0.    0.52  0.    0.    0.47  0.01  0.  ]
16 [ 0.36  0.74 -0.92  0.39] [ 0.    0.48  0.02  0.01  0.    0.48  0.  ]
15 [ 0.07 -0.54 -0.99 -0.74] [ 0.    0.07  0.01  0.01  0.39  0.53  0.  ]
13 [ 0.73  0.75 -1.   -0.89] [ 0.    0.    0.54  0.37  0.    0.09  0.  ]
16 [ 0.79 -0.47 -1.   -0.01] [ 0.    0.51  0.    0.    0.01  0.48  0.  ]
16 [ 0.77 -0.39 -1.   -0.02] [ 0.    0.46  0.    0.    0.01  0.53  0.  ]
15 [ 0.11 -0.64 -1.   -0.98] [ 0.    0.03  0.01  0.01  0.44  0.51  0.  ]
13 [ 0.72  0.75 -1.   -0.99] [ 0.    0.    0.55  0.38  0.    0.07  0.  ]
16 [ 0.79 -0.45 -1.   -0.01] [ 0.    0.5   0.    0.    0.01  0.49  0.  ]
15 [ 0.13 -0.64 -1.   -0.99] [ 0.    0.03  0.01  0.01  0.42  0.53  0.  ]
14 [-0.62  0.48 -1.   -1.  ] [ 0.  0.  0.  0.  0.  0.  1.]
17 [-0.64 -0.74 -1.   -0.  ] [ 0.    0.42  0.    0.    0.56  0.02  0.  ]
18 [-0.39  0.75 -1.   -1.  ] [ 0.  0.  0.  0.  0.  0.  1.]
epoch: 37000
error: 0.0012
final: 0.0535
-----
state =  0 1 2 3 4 4 4 5 6 9 18
symbol= BTBTSSXSETE
label = 01012232616
true probabilities:
     B    T    S    X    P    V    E
1 [ 0.   0.5  0.   0.   0.5  0.   0. ]
2 [ 1.  0.  0.  0.  0.  0.  0.]
3 [ 0.   0.5  0.   0.   0.5  0.   0. ]
4 [ 0.   0.   0.5  0.5  0.   0.   0. ]
4 [ 0.   0.   0.5  0.5  0.   0.   0. ]
4 [ 0.   0.   0.5  0.5  0.   0.   0. ]
5 [ 0.   0.   0.5  0.5  0.   0.   0. ]
6 [ 0.  0.  0.  0.  0.  0.  1.]
9 [ 0.  1.  0.  0.  0.  0.  0.]
18 [ 0.  0.  0.  0.  0.  0.  1.]
hidden activations and output probabilities [BTSXPVE]:
1 [-0.72 -0.75 -0.13  0.42] [ 0.    0.53  0.    0.    0.47  0.    0.  ]
2 [-0.32  0.72  0.7   0.49] [ 1.  0.  0.  0.  0.  0.  0.]
3 [-0.68 -0.54 -0.37  0.23] [ 0.    0.49  0.    0.    0.5   0.01  0.  ]
4 [-0.2   0.74  0.59 -0.34] [ 0.    0.    0.42  0.57  0.    0.    0.  ]
4 [-0.14  0.89  0.61 -0.78] [ 0.    0.    0.43  0.57  0.    0.    0.  ]
4 [-0.11  0.95  0.64 -0.91] [ 0.    0.    0.44  0.56  0.    0.    0.  ]
5 [ 0.68  0.93 -0.01 -0.61] [ 0.    0.    0.57  0.43  0.    0.    0.  ]
6 [-0.6   0.92 -0.28 -0.42] [ 0.    0.    0.01  0.01  0.    0.    0.98]
9 [-0.3  -0.55 -0.85 -0.  ] [ 0.    0.63  0.    0.    0.3   0.07  0.  ]
18 [-0.76  0.73 -0.59 -0.49] [ 0.  0.  0.  0.  0.  0.  1.]
epoch: 38000
error: 0.0011
final: 0.0334
-----
state =  0 1 10 11 12 12 13 16 16 15 13 16 16 16 15 13 16 16 15 13 16 16 16 15 14 17 18
symbol= BPBTSXXTVPXTTVPXTVPXTTVVEPE
label = 040123315431154315431155646
true probabilities:
     B    T    S    X    P    V    E
1 [ 0.   0.5  0.   0.   0.5  0.   0. ]
10 [ 1.  0.  0.  0.  0.  0.  0.]
11 [ 0.   0.5  0.   0.   0.5  0.   0. ]
12 [ 0.   0.   0.5  0.5  0.   0.   0. ]
12 [ 0.   0.   0.5  0.5  0.   0.   0. ]
13 [ 0.   0.   0.5  0.5  0.   0.   0. ]
16 [ 0.   0.5  0.   0.   0.   0.5  0. ]
16 [ 0.   0.5  0.   0.   0.   0.5  0. ]
15 [ 0.   0.   0.   0.   0.5  0.5  0. ]
13 [ 0.   0.   0.5  0.5  0.   0.   0. ]
16 [ 0.   0.5  0.   0.   0.   0.5  0. ]
16 [ 0.   0.5  0.   0.   0.   0.5  0. ]
16 [ 0.   0.5  0.   0.   0.   0.5  0. ]
15 [ 0.   0.   0.   0.   0.5  0.5  0. ]
13 [ 0.   0.   0.5  0.5  0.   0.   0. ]
16 [ 0.   0.5  0.   0.   0.   0.5  0. ]
16 [ 0.   0.5  0.   0.   0.   0.5  0. ]
15 [ 0.   0.   0.   0.   0.5  0.5  0. ]
13 [ 0.   0.   0.5  0.5  0.   0.   0. ]
16 [ 0.   0.5  0.   0.   0.   0.5  0. ]
16 [ 0.   0.5  0.   0.   0.   0.5  0. ]
16 [ 0.   0.5  0.   0.   0.   0.5  0. ]
15 [ 0.   0.   0.   0.   0.5  0.5  0. ]
14 [ 0.  0.  0.  0.  0.  0.  1.]
17 [ 0.  0.  0.  0.  1.  0.  0.]
18 [ 0.  0.  0.  0.  0.  0.  1.]
hidden activations and output probabilities [BTSXPVE]:
1 [-0.72 -0.75 -0.11  0.42] [ 0.    0.52  0.    0.    0.48  0.    0.  ]
10 [ 0.2   0.69  0.13  0.87] [ 1.  0.  0.  0.  0.  0.  0.]
11 [-0.64 -0.66 -0.7   0.14] [ 0.    0.51  0.    0.    0.48  0.01  0.  ]
12 [-0.19  0.74  0.3  -0.33] [ 0.    0.    0.45  0.53  0.    0.    0.  ]
12 [-0.28  0.91  0.38 -0.8 ] [ 0.    0.    0.45  0.54  0.    0.    0.01]
13 [ 0.7   0.89 -0.38 -0.65] [ 0.    0.    0.56  0.43  0.    0.01  0.  ]
16 [ 0.77 -0.35 -0.89 -0.03] [ 0.    0.41  0.    0.    0.01  0.57  0.  ]
16 [ 0.77 -0.37 -0.92 -0.02] [ 0.    0.43  0.    0.    0.01  0.56  0.  ]
15 [ 0.1  -0.64 -0.99 -0.97] [ 0.    0.02  0.01  0.01  0.42  0.53  0.  ]
13 [ 0.72  0.75 -1.   -0.99] [ 0.    0.    0.52  0.42  0.    0.07  0.  ]
16 [ 0.79 -0.43 -1.   -0.01] [ 0.    0.46  0.    0.    0.01  0.53  0.  ]
16 [ 0.79 -0.38 -1.   -0.02] [ 0.    0.43  0.    0.    0.01  0.57  0.  ]
16 [ 0.79 -0.4  -1.   -0.02] [ 0.    0.43  0.    0.    0.01  0.56  0.  ]
15 [ 0.15 -0.65 -1.   -0.99] [ 0.    0.02  0.01  0.01  0.36  0.59  0.  ]
13 [ 0.73  0.75 -1.   -0.99] [ 0.    0.    0.52  0.42  0.    0.06  0.  ]
16 [ 0.79 -0.44 -1.   -0.01] [ 0.    0.47  0.    0.    0.01  0.52  0.  ]
16 [ 0.78 -0.38 -1.   -0.02] [ 0.    0.42  0.    0.    0.01  0.57  0.  ]
15 [ 0.14 -0.65 -1.   -0.99] [ 0.    0.02  0.01  0.01  0.38  0.58  0.  ]
13 [ 0.73  0.75 -1.   -0.99] [ 0.    0.    0.52  0.42  0.    0.06  0.  ]
16 [ 0.79 -0.44 -1.   -0.01] [ 0.    0.47  0.    0.    0.01  0.52  0.  ]
16 [ 0.79 -0.38 -1.   -0.02] [ 0.    0.42  0.    0.    0.01  0.57  0.  ]
16 [ 0.79 -0.4  -1.   -0.02] [ 0.    0.44  0.    0.    0.01  0.56  0.  ]
15 [ 0.15 -0.65 -1.   -0.99] [ 0.    0.02  0.01  0.01  0.36  0.59  0.  ]
14 [-0.61  0.47 -1.   -1.  ] [ 0.  0.  0.  0.  0.  0.  1.]
17 [-0.61 -0.74 -1.   -0.  ] [ 0.    0.48  0.    0.    0.5   0.02  0.  ]
18 [-0.4   0.75 -1.   -1.  ] [ 0.  0.  0.  0.  0.  0.  1.]
epoch: 39000
error: 0.0014
final: 0.0677
-----
state =  0 1 2 3 4 4 4 5 8 7 5 8 7 5 6 9 18
symbol= BTBTSSXXVPXVPSETE
label = 01012233543542616
true probabilities:
     B    T    S    X    P    V    E
1 [ 0.   0.5  0.   0.   0.5  0.   0. ]
2 [ 1.  0.  0.  0.  0.  0.  0.]
3 [ 0.   0.5  0.   0.   0.5  0.   0. ]
4 [ 0.   0.   0.5  0.5  0.   0.   0. ]
4 [ 0.   0.   0.5  0.5  0.   0.   0. ]
4 [ 0.   0.   0.5  0.5  0.   0.   0. ]
5 [ 0.   0.   0.5  0.5  0.   0.   0. ]
8 [ 0.   0.5  0.   0.   0.   0.5  0. ]
7 [ 0.   0.   0.   0.   0.5  0.5  0. ]
5 [ 0.   0.   0.5  0.5  0.   0.   0. ]
8 [ 0.   0.5  0.   0.   0.   0.5  0. ]
7 [ 0.   0.   0.   0.   0.5  0.5  0. ]
5 [ 0.   0.   0.5  0.5  0.   0.   0. ]
6 [ 0.  0.  0.  0.  0.  0.  1.]
9 [ 0.  1.  0.  0.  0.  0.  0.]
18 [ 0.  0.  0.  0.  0.  0.  1.]
hidden activations and output probabilities [BTSXPVE]:
1 [-0.73 -0.75 -0.1   0.41] [ 0.    0.5   0.    0.    0.49  0.    0.  ]
2 [-0.31  0.72  0.69  0.48] [ 1.  0.  0.  0.  0.  0.  0.]
3 [-0.68 -0.54 -0.39  0.23] [ 0.    0.48  0.    0.    0.51  0.01  0.  ]
4 [-0.19  0.74  0.59 -0.36] [ 0.    0.    0.44  0.55  0.    0.    0.  ]
4 [-0.16  0.89  0.61 -0.79] [ 0.    0.    0.46  0.54  0.    0.    0.  ]
4 [-0.12  0.94  0.64 -0.91] [ 0.    0.    0.46  0.54  0.    0.    0.  ]
5 [ 0.68  0.94 -0.01 -0.64] [ 0.    0.    0.58  0.41  0.    0.    0.  ]
8 [ 0.76 -0.22 -0.74 -0.04] [ 0.    0.35  0.01  0.01  0.01  0.63  0.  ]
7 [ 0.04 -0.65 -0.95 -0.95] [ 0.    0.03  0.01  0.01  0.54  0.42  0.  ]
5 [ 0.7   0.75 -0.99 -0.98] [ 0.    0.    0.56  0.38  0.    0.06  0.  ]
8 [ 0.78 -0.48 -1.   -0.01] [ 0.    0.51  0.    0.    0.01  0.48  0.  ]
7 [ 0.11 -0.65 -1.   -0.99] [ 0.    0.02  0.01  0.01  0.44  0.51  0.  ]
5 [ 0.72  0.75 -1.   -0.99] [ 0.    0.    0.56  0.38  0.    0.06  0.  ]
6 [-0.73  0.75 -1.   -0.15] [ 0.  0.  0.  0.  0.  0.  1.]
9 [-0.76 -0.72 -1.   -0.  ] [ 0.    0.37  0.    0.    0.62  0.01  0.  ]
18 [-0.82  0.75 -1.   -0.82] [ 0.  0.  0.  0.  0.  0.  1.]
epoch: 40000
error: 0.0016
final: 0.1124
-----
state =  0 1 2 3 8 8 8 8 8 8 8 8 7 5 8 7 6 9 18
symbol= BTBPTTTTTTTVPXVVETE
label = 0104111111154355616
true probabilities:
     B    T    S    X    P    V    E
1 [ 0.   0.5  0.   0.   0.5  0.   0. ]
2 [ 1.  0.  0.  0.  0.  0.  0.]
3 [ 0.   0.5  0.   0.   0.5  0.   0. ]
8 [ 0.   0.5  0.   0.   0.   0.5  0. ]
8 [ 0.   0.5  0.   0.   0.   0.5  0. ]
8 [ 0.   0.5  0.   0.   0.   0.5  0. ]
8 [ 0.   0.5  0.   0.   0.   0.5  0. ]
8 [ 0.   0.5  0.   0.   0.   0.5  0. ]
8 [ 0.   0.5  0.   0.   0.   0.5  0. ]
8 [ 0.   0.5  0.   0.   0.   0.5  0. ]
8 [ 0.   0.5  0.   0.   0.   0.5  0. ]
7 [ 0.   0.   0.   0.   0.5  0.5  0. ]
5 [ 0.   0.   0.5  0.5  0.   0.   0. ]
8 [ 0.   0.5  0.   0.   0.   0.5  0. ]
7 [ 0.   0.   0.   0.   0.5  0.5  0. ]
6 [ 0.  0.  0.  0.  0.  0.  1.]
9 [ 0.  1.  0.  0.  0.  0.  0.]
18 [ 0.  0.  0.  0.  0.  0.  1.]
hidden activations and output probabilities [BTSXPVE]:
1 [-0.72 -0.75 -0.1   0.41] [ 0.    0.52  0.    0.    0.48  0.    0.  ]
2 [-0.3   0.72  0.69  0.47] [ 1.  0.  0.  0.  0.  0.  0.]
3 [-0.68 -0.52 -0.41  0.23] [ 0.    0.5   0.    0.    0.49  0.01  0.  ]
8 [ 0.37  0.73 -0.81  0.38] [ 0.    0.46  0.02  0.02  0.    0.49  0.  ]
8 [ 0.76 -0.35 -0.96 -0.01] [ 0.    0.44  0.    0.    0.01  0.55  0.  ]
8 [ 0.78 -0.36 -0.97 -0.02] [ 0.    0.43  0.    0.    0.01  0.56  0.  ]
8 [ 0.79 -0.38 -0.98 -0.02] [ 0.    0.44  0.    0.    0.01  0.55  0.  ]
8 [ 0.79 -0.39 -0.99 -0.02] [ 0.    0.44  0.    0.    0.01  0.55  0.  ]
8 [ 0.79 -0.39 -0.99 -0.02] [ 0.    0.44  0.    0.    0.01  0.55  0.  ]
8 [ 0.79 -0.39 -0.99 -0.02] [ 0.    0.44  0.    0.    0.01  0.55  0.  ]
8 [ 0.79 -0.39 -0.99 -0.02] [ 0.    0.44  0.    0.    0.01  0.55  0.  ]
7 [ 0.16 -0.65 -1.   -0.99] [ 0.    0.02  0.01  0.01  0.37  0.58  0.  ]
5 [ 0.74  0.75 -1.   -0.99] [ 0.    0.    0.55  0.39  0.    0.06  0.  ]
8 [ 0.79 -0.48 -1.   -0.01] [ 0.    0.5   0.    0.    0.01  0.49  0.  ]
7 [ 0.13 -0.64 -1.   -0.99] [ 0.    0.02  0.01  0.01  0.39  0.56  0.  ]
6 [-0.62  0.49 -1.   -1.  ] [ 0.  0.  0.  0.  0.  0.  1.]
9 [-0.62 -0.74 -1.   -0.  ] [ 0.    0.47  0.    0.    0.51  0.02  0.  ]
18 [-0.77  0.75 -1.   -0.78] [ 0.  0.  0.  0.  0.  0.  1.]
epoch: 41000
error: 0.0012
final: 0.0787
-----
state =  0 1 2 3 4 4 5 8 8 7 6 9 18
symbol= BTBTSXXTVVETE
label = 0101233155616
true probabilities:
     B    T    S    X    P    V    E
1 [ 0.   0.5  0.   0.   0.5  0.   0. ]
2 [ 1.  0.  0.  0.  0.  0.  0.]
3 [ 0.   0.5  0.   0.   0.5  0.   0. ]
4 [ 0.   0.   0.5  0.5  0.   0.   0. ]
4 [ 0.   0.   0.5  0.5  0.   0.   0. ]
5 [ 0.   0.   0.5  0.5  0.   0.   0. ]
8 [ 0.   0.5  0.   0.   0.   0.5  0. ]
8 [ 0.   0.5  0.   0.   0.   0.5  0. ]
7 [ 0.   0.   0.   0.   0.5  0.5  0. ]
6 [ 0.  0.  0.  0.  0.  0.  1.]
9 [ 0.  1.  0.  0.  0.  0.  0.]
18 [ 0.  0.  0.  0.  0.  0.  1.]
hidden activations and output probabilities [BTSXPVE]:
1 [-0.73 -0.75 -0.1   0.41] [ 0.   0.5  0.   0.   0.5  0.   0. ]
2 [-0.29  0.72  0.69  0.48] [ 1.  0.  0.  0.  0.  0.  0.]
3 [-0.68 -0.53 -0.39  0.25] [ 0.    0.51  0.    0.    0.48  0.01  0.  ]
4 [-0.16  0.74  0.59 -0.35] [ 0.    0.    0.45  0.55  0.    0.    0.  ]
4 [-0.16  0.88  0.61 -0.78] [ 0.    0.    0.46  0.54  0.    0.    0.  ]
5 [ 0.69  0.9  -0.02 -0.65] [ 0.    0.    0.57  0.43  0.    0.    0.  ]
8 [ 0.76 -0.23 -0.75 -0.04] [ 0.    0.34  0.01  0.01  0.01  0.64  0.  ]
8 [ 0.76 -0.36 -0.85 -0.02] [ 0.    0.44  0.    0.    0.01  0.55  0.  ]
7 [ 0.07 -0.62 -0.97 -0.97] [ 0.    0.02  0.01  0.01  0.46  0.49  0.  ]
6 [-0.65  0.56 -0.99 -1.  ] [ 0.  0.  0.  0.  0.  0.  1.]
9 [-0.62 -0.74 -1.   -0.  ] [ 0.    0.45  0.    0.    0.53  0.02  0.  ]
18 [-0.79  0.75 -0.98 -0.78] [ 0.  0.  0.  0.  0.  0.  1.]
epoch: 42000
error: 0.0014
final: 0.0821
-----
state =  0 1 10 11 16 15 14 17 18
symbol= BPBPVVEPE
label = 040455646
true probabilities:
     B    T    S    X    P    V    E
1 [ 0.   0.5  0.   0.   0.5  0.   0. ]
10 [ 1.  0.  0.  0.  0.  0.  0.]
11 [ 0.   0.5  0.   0.   0.5  0.   0. ]
16 [ 0.   0.5  0.   0.   0.   0.5  0. ]
15 [ 0.   0.   0.   0.   0.5  0.5  0. ]
14 [ 0.  0.  0.  0.  0.  0.  1.]
17 [ 0.  0.  0.  0.  1.  0.  0.]
18 [ 0.  0.  0.  0.  0.  0.  1.]
hidden activations and output probabilities [BTSXPVE]:
1 [-0.73 -0.75 -0.11  0.41] [ 0.    0.51  0.    0.    0.48  0.    0.  ]
10 [ 0.27  0.69  0.1   0.87] [ 1.  0.  0.  0.  0.  0.  0.]
11 [-0.65 -0.67 -0.71  0.09] [ 0.    0.46  0.    0.    0.53  0.01  0.  ]
16 [ 0.36  0.74 -0.93  0.33] [ 0.    0.42  0.02  0.02  0.    0.54  0.  ]
15 [ 0.03 -0.54 -0.99 -0.74] [ 0.    0.06  0.01  0.01  0.4   0.52  0.  ]
14 [-0.66  0.51 -1.   -0.96] [ 0.  0.  0.  0.  0.  0.  1.]
17 [-0.63 -0.74 -1.   -0.  ] [ 0.    0.46  0.    0.    0.52  0.02  0.  ]
18 [-0.4   0.75 -1.   -0.99] [ 0.  0.  0.  0.  0.  0.  1.]
epoch: 43000
error: 0.0012
final: 0.0641
-----
state =  0 1 10 11 12 13 16 15 13 14 17 18
symbol= BPBTXXVPSEPE
label = 040133542646
true probabilities:
     B    T    S    X    P    V    E
1 [ 0.   0.5  0.   0.   0.5  0.   0. ]
10 [ 1.  0.  0.  0.  0.  0.  0.]
11 [ 0.   0.5  0.   0.   0.5  0.   0. ]
12 [ 0.   0.   0.5  0.5  0.   0.   0. ]
13 [ 0.   0.   0.5  0.5  0.   0.   0. ]
16 [ 0.   0.5  0.   0.   0.   0.5  0. ]
15 [ 0.   0.   0.   0.   0.5  0.5  0. ]
13 [ 0.   0.   0.5  0.5  0.   0.   0. ]
14 [ 0.  0.  0.  0.  0.  0.  1.]
17 [ 0.  0.  0.  0.  1.  0.  0.]
18 [ 0.  0.  0.  0.  0.  0.  1.]
hidden activations and output probabilities [BTSXPVE]:
1 [-0.73 -0.75 -0.08  0.4 ] [ 0.   0.5  0.   0.   0.5  0.   0. ]
10 [ 0.29  0.69  0.18  0.87] [ 1.  0.  0.  0.  0.  0.  0.]
11 [-0.64 -0.66 -0.69  0.1 ] [ 0.    0.47  0.    0.    0.52  0.01  0.  ]
12 [-0.18  0.75  0.29 -0.32] [ 0.    0.    0.44  0.54  0.    0.    0.  ]
13 [ 0.73  0.79 -0.45 -0.53] [ 0.    0.    0.58  0.4   0.    0.03  0.  ]
16 [ 0.78 -0.47 -0.91 -0.02] [ 0.    0.48  0.    0.    0.01  0.51  0.  ]
15 [ 0.1  -0.64 -0.98 -0.96] [ 0.    0.02  0.01  0.01  0.41  0.54  0.  ]
13 [ 0.73  0.75 -1.   -0.98] [ 0.    0.    0.55  0.39  0.    0.06  0.  ]
14 [-0.73  0.74 -1.   -0.13] [ 0.  0.  0.  0.  0.  0.  1.]
17 [-0.78 -0.72 -1.   -0.  ] [ 0.    0.36  0.    0.    0.62  0.01  0.  ]
18 [-0.48  0.75 -1.   -0.93] [ 0.  0.  0.  0.  0.  0.  1.]
epoch: 44000
error: 0.0013
final: 0.0390
-----
state =  0 1 10 11 12 13 14 17 18
symbol= BPBTXSEPE
label = 040132646
true probabilities:
     B    T    S    X    P    V    E
1 [ 0.   0.5  0.   0.   0.5  0.   0. ]
10 [ 1.  0.  0.  0.  0.  0.  0.]
11 [ 0.   0.5  0.   0.   0.5  0.   0. ]
12 [ 0.   0.   0.5  0.5  0.   0.   0. ]
13 [ 0.   0.   0.5  0.5  0.   0.   0. ]
14 [ 0.  0.  0.  0.  0.  0.  1.]
17 [ 0.  0.  0.  0.  1.  0.  0.]
18 [ 0.  0.  0.  0.  0.  0.  1.]
hidden activations and output probabilities [BTSXPVE]:
1 [-0.73 -0.75 -0.1   0.39] [ 0.    0.51  0.    0.    0.49  0.    0.  ]
10 [ 0.27  0.69  0.13  0.87] [ 1.  0.  0.  0.  0.  0.  0.]
11 [-0.65 -0.66 -0.71  0.09] [ 0.    0.47  0.    0.    0.52  0.01  0.  ]
12 [-0.23  0.75  0.22 -0.38] [ 0.    0.    0.43  0.55  0.    0.    0.01]
13 [ 0.73  0.8  -0.53 -0.56] [ 0.    0.    0.58  0.39  0.    0.03  0.  ]
14 [-0.71  0.81 -0.88 -0.19] [ 0.  0.  0.  0.  0.  0.  1.]
17 [-0.72 -0.71 -0.98 -0.  ] [ 0.    0.42  0.    0.    0.56  0.01  0.  ]
18 [-0.48  0.75 -1.   -0.9 ] [ 0.  0.  0.  0.  0.  0.  1.]
epoch: 45000
error: 0.0013
final: 0.0526
-----
state =  0 1 2 3 4 4 4 4 4 4 4 5 8 7 6 9 18
symbol= BTBTSSSSSSXXVVETE
label = 01012222223355616
true probabilities:
     B    T    S    X    P    V    E
1 [ 0.   0.5  0.   0.   0.5  0.   0. ]
2 [ 1.  0.  0.  0.  0.  0.  0.]
3 [ 0.   0.5  0.   0.   0.5  0.   0. ]
4 [ 0.   0.   0.5  0.5  0.   0.   0. ]
4 [ 0.   0.   0.5  0.5  0.   0.   0. ]
4 [ 0.   0.   0.5  0.5  0.   0.   0. ]
4 [ 0.   0.   0.5  0.5  0.   0.   0. ]
4 [ 0.   0.   0.5  0.5  0.   0.   0. ]
4 [ 0.   0.   0.5  0.5  0.   0.   0. ]
4 [ 0.   0.   0.5  0.5  0.   0.   0. ]
5 [ 0.   0.   0.5  0.5  0.   0.   0. ]
8 [ 0.   0.5  0.   0.   0.   0.5  0. ]
7 [ 0.   0.   0.   0.   0.5  0.5  0. ]
6 [ 0.  0.  0.  0.  0.  0.  1.]
9 [ 0.  1.  0.  0.  0.  0.  0.]
18 [ 0.  0.  0.  0.  0.  0.  1.]
hidden activations and output probabilities [BTSXPVE]:
1 [-0.73 -0.75 -0.09  0.4 ] [ 0.    0.54  0.    0.    0.46  0.    0.  ]
2 [-0.29  0.72  0.68  0.48] [ 1.  0.  0.  0.  0.  0.  0.]
3 [-0.69 -0.54 -0.39  0.22] [ 0.    0.52  0.    0.    0.48  0.01  0.  ]
4 [-0.18  0.74  0.58 -0.38] [ 0.    0.    0.45  0.55  0.    0.    0.  ]
4 [-0.16  0.89  0.61 -0.8 ] [ 0.    0.    0.46  0.54  0.    0.    0.  ]
4 [-0.11  0.95  0.63 -0.91] [ 0.    0.    0.47  0.53  0.    0.    0.  ]
4 [-0.1   0.96  0.64 -0.94] [ 0.    0.    0.48  0.52  0.    0.    0.  ]
4 [-0.1   0.96  0.65 -0.95] [ 0.    0.    0.48  0.52  0.    0.    0.  ]
4 [-0.09  0.96  0.66 -0.96] [ 0.    0.    0.48  0.52  0.    0.    0.  ]
4 [-0.09  0.96  0.66 -0.96] [ 0.    0.    0.48  0.52  0.    0.    0.  ]
5 [ 0.68  0.97  0.04 -0.66] [ 0.    0.    0.59  0.41  0.    0.    0.  ]
8 [ 0.76 -0.07 -0.72 -0.04] [ 0.    0.27  0.02  0.01  0.    0.69  0.  ]
7 [ 0.05 -0.66 -0.95 -0.96] [ 0.    0.02  0.01  0.01  0.48  0.48  0.  ]
6 [-0.67  0.58 -0.99 -1.  ] [ 0.  0.  0.  0.  0.  0.  1.]
9 [-0.62 -0.74 -1.   -0.  ] [ 0.    0.51  0.    0.    0.47  0.02  0.  ]
18 [-0.81  0.75 -0.97 -0.8 ] [ 0.  0.  0.  0.  0.  0.  1.]
epoch: 46000
error: 0.0016
final: 0.0651
-----
state =  0 1 2 3 4 5 8 7 5 8 8 8 8 7 5 8 7 6 9 18
symbol= BTBTXXVPXTTTVPXVVETE
label = 01013354311154355616
true probabilities:
     B    T    S    X    P    V    E
1 [ 0.   0.5  0.   0.   0.5  0.   0. ]
2 [ 1.  0.  0.  0.  0.  0.  0.]
3 [ 0.   0.5  0.   0.   0.5  0.   0. ]
4 [ 0.   0.   0.5  0.5  0.   0.   0. ]
5 [ 0.   0.   0.5  0.5  0.   0.   0. ]
8 [ 0.   0.5  0.   0.   0.   0.5  0. ]
7 [ 0.   0.   0.   0.   0.5  0.5  0. ]
5 [ 0.   0.   0.5  0.5  0.   0.   0. ]
8 [ 0.   0.5  0.   0.   0.   0.5  0. ]
8 [ 0.   0.5  0.   0.   0.   0.5  0. ]
8 [ 0.   0.5  0.   0.   0.   0.5  0. ]
8 [ 0.   0.5  0.   0.   0.   0.5  0. ]
7 [ 0.   0.   0.   0.   0.5  0.5  0. ]
5 [ 0.   0.   0.5  0.5  0.   0.   0. ]
8 [ 0.   0.5  0.   0.   0.   0.5  0. ]
7 [ 0.   0.   0.   0.   0.5  0.5  0. ]
6 [ 0.  0.  0.  0.  0.  0.  1.]
9 [ 0.  1.  0.  0.  0.  0.  0.]
18 [ 0.  0.  0.  0.  0.  0.  1.]
hidden activations and output probabilities [BTSXPVE]:
1 [-0.73 -0.75 -0.1   0.4 ] [ 0.    0.55  0.    0.    0.45  0.    0.  ]
2 [-0.29  0.72  0.68  0.45] [ 1.  0.  0.  0.  0.  0.  0.]
3 [-0.69 -0.53 -0.4   0.2 ] [ 0.    0.5   0.    0.    0.49  0.01  0.  ]
4 [-0.2   0.74  0.57 -0.42] [ 0.    0.    0.42  0.58  0.    0.    0.  ]
5 [ 0.71  0.82 -0.03 -0.64] [ 0.    0.    0.57  0.42  0.    0.    0.  ]
8 [ 0.76 -0.29 -0.76 -0.04] [ 0.    0.39  0.    0.    0.01  0.6   0.  ]
7 [ 0.03 -0.65 -0.95 -0.96] [ 0.    0.02  0.01  0.01  0.5   0.46  0.  ]
5 [ 0.71  0.76 -0.99 -0.98] [ 0.    0.    0.55  0.39  0.    0.05  0.  ]
8 [ 0.78 -0.41 -1.   -0.01] [ 0.    0.47  0.    0.    0.    0.53  0.  ]
8 [ 0.77 -0.41 -1.   -0.02] [ 0.    0.47  0.    0.    0.01  0.52  0.  ]
8 [ 0.75 -0.39 -1.   -0.02] [ 0.    0.46  0.    0.    0.01  0.53  0.  ]
8 [ 0.75 -0.38 -1.   -0.02] [ 0.    0.46  0.    0.    0.01  0.53  0.  ]
7 [ 0.04 -0.65 -1.   -0.99] [ 0.    0.02  0.01  0.01  0.46  0.5   0.  ]
5 [ 0.71  0.76 -1.   -0.99] [ 0.    0.    0.55  0.39  0.    0.05  0.  ]
8 [ 0.78 -0.41 -1.   -0.01] [ 0.    0.47  0.    0.    0.    0.53  0.  ]
7 [ 0.11 -0.66 -1.   -0.99] [ 0.    0.02  0.01  0.01  0.4   0.56  0.  ]
6 [-0.64  0.53 -1.   -1.  ] [ 0.  0.  0.  0.  0.  0.  1.]
9 [-0.63 -0.74 -1.   -0.  ] [ 0.    0.51  0.    0.    0.47  0.02  0.  ]
18 [-0.8   0.75 -1.   -0.82] [ 0.  0.  0.  0.  0.  0.  1.]
epoch: 47000
error: 0.0011
final: 0.0661
