-----
state =  0 1 2 3 4 4 4 5 8 8 8 8 7 6 9 18
symbol= BTBTSSXXTTTVVETE
label = 0101223311155616
true probabilities:
     B    T    S    X    P    V    E
1 [ 0.   0.5  0.   0.   0.5  0.   0. ]
2 [ 1.  0.  0.  0.  0.  0.  0.]
3 [ 0.   0.5  0.   0.   0.5  0.   0. ]
4 [ 0.   0.   0.5  0.5  0.   0.   0. ]
4 [ 0.   0.   0.5  0.5  0.   0.   0. ]
4 [ 0.   0.   0.5  0.5  0.   0.   0. ]
5 [ 0.   0.   0.5  0.5  0.   0.   0. ]
8 [ 0.   0.5  0.   0.   0.   0.5  0. ]
8 [ 0.   0.5  0.   0.   0.   0.5  0. ]
8 [ 0.   0.5  0.   0.   0.   0.5  0. ]
8 [ 0.   0.5  0.   0.   0.   0.5  0. ]
7 [ 0.   0.   0.   0.   0.5  0.5  0. ]
6 [ 0.  0.  0.  0.  0.  0.  1.]
9 [ 0.  1.  0.  0.  0.  0.  0.]
18 [ 0.  0.  0.  0.  0.  0.  1.]
hidden activations and output probabilities [BTSXPVE]:
1 [ 0.01  0.06 -0.01  0.    0.05] [ 0.16  0.21  0.1   0.15  0.1   0.18  0.11]
2 [-0.01 -0.02  0.06 -0.04  0.07] [ 0.15  0.21  0.1   0.14  0.1   0.18  0.11]
3 [ 0.01  0.04  0.04 -0.03  0.07] [ 0.15  0.21  0.1   0.15  0.1   0.18  0.11]
4 [ 0.   -0.03  0.09 -0.06  0.08] [ 0.15  0.21  0.1   0.14  0.1   0.19  0.11]
4 [ 0.08 -0.09  0.05 -0.14  0.06] [ 0.15  0.21  0.1   0.15  0.1   0.19  0.11]
4 [ 0.12 -0.12  0.05 -0.18  0.06] [ 0.14  0.21  0.1   0.15  0.1   0.19  0.11]
5 [ 0.09 -0.13  0.21 -0.19  0.07] [ 0.14  0.2   0.1   0.14  0.1   0.2   0.11]
8 [ 0.07 -0.13  0.25 -0.18  0.07] [ 0.13  0.2   0.1   0.14  0.1   0.2   0.11]
8 [ 0.08 -0.12  0.23 -0.11  0.08] [ 0.14  0.2   0.1   0.14  0.1   0.2   0.11]
8 [ 0.08 -0.11  0.21 -0.09  0.08] [ 0.14  0.21  0.1   0.14  0.1   0.2   0.11]
8 [ 0.07 -0.1   0.2  -0.09  0.08] [ 0.14  0.21  0.1   0.14  0.1   0.2   0.11]
7 [ 0.18 -0.11  0.22 -0.18 -0.05] [ 0.13  0.19  0.1   0.15  0.1   0.19  0.12]
6 [ 0.24 -0.09  0.23 -0.21 -0.09] [ 0.13  0.19  0.1   0.16  0.1   0.2   0.12]
9 [ 0.22  0.02  0.2  -0.16 -0.13] [ 0.14  0.19  0.1   0.16  0.1   0.19  0.11]
18 [ 0.21 -0.02  0.2  -0.11  0.01] [ 0.14  0.19  0.1   0.15  0.11  0.2   0.11]
epoch: 0
error: 0.0475
final: 0.1110
-----
state =  0 1 2 3 4 5 8 8 7 6 9 18
symbol= BTBTXXTVVETE
label = 010133155616
true probabilities:
     B    T    S    X    P    V    E
1 [ 0.   0.5  0.   0.   0.5  0.   0. ]
2 [ 1.  0.  0.  0.  0.  0.  0.]
3 [ 0.   0.5  0.   0.   0.5  0.   0. ]
4 [ 0.   0.   0.5  0.5  0.   0.   0. ]
5 [ 0.   0.   0.5  0.5  0.   0.   0. ]
8 [ 0.   0.5  0.   0.   0.   0.5  0. ]
8 [ 0.   0.5  0.   0.   0.   0.5  0. ]
7 [ 0.   0.   0.   0.   0.5  0.5  0. ]
6 [ 0.  0.  0.  0.  0.  0.  1.]
9 [ 0.  1.  0.  0.  0.  0.  0.]
18 [ 0.  0.  0.  0.  0.  0.  1.]
hidden activations and output probabilities [BTSXPVE]:
1 [ 0.08 -0.2  -0.21  0.52  0.23] [ 0.21  0.33  0.06  0.06  0.21  0.09  0.04]
2 [ 0.07 -0.16 -0.43 -0.08  0.58] [ 0.28  0.23  0.1   0.13  0.1   0.13  0.04]
3 [ 0.15 -0.47 -0.45  0.39  0.4 ] [ 0.2   0.34  0.07  0.07  0.2   0.09  0.04]
4 [ 0.16 -0.33 -0.54 -0.31  0.75] [ 0.25  0.22  0.11  0.15  0.08  0.15  0.04]
5 [ 0.14 -0.41  0.17 -0.58  0.49] [ 0.08  0.19  0.16  0.16  0.08  0.22  0.11]
8 [ 0.26 -0.57  0.45 -0.57  0.51] [ 0.05  0.19  0.15  0.13  0.09  0.25  0.14]
8 [ 0.51 -0.73  0.69 -0.45  0.72] [ 0.03  0.2   0.13  0.09  0.11  0.31  0.13]
7 [ 0.79 -0.9   0.72 -0.5   0.12] [ 0.01  0.17  0.1   0.07  0.14  0.2   0.3 ]
6 [ 0.87 -0.95  0.76 -0.54 -0.52] [ 0.    0.12  0.07  0.05  0.14  0.1   0.52]
9 [ 0.75 -0.97  0.51 -0.16 -0.77] [ 0.01  0.16  0.05  0.04  0.22  0.06  0.45]
18 [ 0.8  -0.87  0.84 -0.53 -0.8 ] [ 0.    0.1   0.06  0.04  0.12  0.07  0.61]
epoch: 1000
error: 0.0399
final: 0.1380
-----
state =  0 1 2 3 8 7 6 9 18
symbol= BTBPVVETE
label = 010455616
true probabilities:
     B    T    S    X    P    V    E
1 [ 0.   0.5  0.   0.   0.5  0.   0. ]
2 [ 1.  0.  0.  0.  0.  0.  0.]
3 [ 0.   0.5  0.   0.   0.5  0.   0. ]
8 [ 0.   0.5  0.   0.   0.   0.5  0. ]
7 [ 0.   0.   0.   0.   0.5  0.5  0. ]
6 [ 0.  0.  0.  0.  0.  0.  1.]
9 [ 0.  1.  0.  0.  0.  0.  0.]
18 [ 0.  0.  0.  0.  0.  0.  1.]
hidden activations and output probabilities [BTSXPVE]:
1 [ 0.17 -0.33 -0.31  0.66  0.15] [ 0.13  0.39  0.03  0.02  0.38  0.04  0.01]
2 [ 0.04 -0.18 -0.7  -0.36  0.81] [ 0.56  0.1   0.1   0.15  0.03  0.06  0.  ]
3 [ 0.31 -0.81 -0.59  0.47  0.25] [ 0.06  0.42  0.04  0.03  0.42  0.03  0.01]
8 [ 0.2  -0.58 -0.13 -0.43  0.9 ] [ 0.17  0.2   0.18  0.17  0.06  0.2   0.02]
7 [ 0.82 -0.91  0.53 -0.51  0.3 ] [ 0.    0.22  0.1   0.08  0.16  0.26  0.17]
6 [ 0.92 -0.97  0.74 -0.57 -0.43] [ 0.    0.1   0.04  0.03  0.13  0.08  0.6 ]
9 [ 0.82 -0.99  0.22  0.05 -0.38] [ 0.    0.26  0.03  0.02  0.45  0.05  0.18]
18 [ 0.75 -0.83  0.91 -0.59 -0.73] [ 0.    0.06  0.03  0.02  0.07  0.04  0.78]
epoch: 2000
error: 0.0266
final: 0.1126
-----
state =  0 1 2 3 8 8 7 6 9 18
symbol= BTBPTVVETE
label = 0104155616
true probabilities:
     B    T    S    X    P    V    E
1 [ 0.   0.5  0.   0.   0.5  0.   0. ]
2 [ 1.  0.  0.  0.  0.  0.  0.]
3 [ 0.   0.5  0.   0.   0.5  0.   0. ]
8 [ 0.   0.5  0.   0.   0.   0.5  0. ]
8 [ 0.   0.5  0.   0.   0.   0.5  0. ]
7 [ 0.   0.   0.   0.   0.5  0.5  0. ]
6 [ 0.  0.  0.  0.  0.  0.  1.]
9 [ 0.  1.  0.  0.  0.  0.  0.]
18 [ 0.  0.  0.  0.  0.  0.  1.]
hidden activations and output probabilities [BTSXPVE]:
1 [ 0.23 -0.33 -0.36  0.7   0.11] [ 0.08  0.42  0.02  0.01  0.43  0.02  0.01]
2 [-0.07 -0.21 -0.79 -0.36  0.85] [ 0.73  0.05  0.09  0.11  0.01  0.02  0.  ]
3 [ 0.42 -0.87 -0.61  0.55  0.26] [ 0.02  0.46  0.02  0.02  0.47  0.02  0.  ]
8 [ 0.16 -0.72  0.12 -0.4   0.92] [ 0.09  0.24  0.2   0.15  0.06  0.25  0.01]
8 [ 0.6  -0.88  0.49 -0.43  0.92] [ 0.01  0.25  0.11  0.08  0.08  0.45  0.02]
7 [ 0.93 -0.98  0.75 -0.44  0.38] [ 0.    0.23  0.06  0.04  0.16  0.38  0.13]
6 [ 0.95 -0.99  0.79 -0.55 -0.45] [ 0.    0.07  0.02  0.02  0.09  0.07  0.73]
9 [ 0.81 -0.99  0.14  0.28 -0.21] [ 0.    0.32  0.01  0.01  0.55  0.04  0.06]
18 [ 0.69 -0.86  0.95 -0.62 -0.77] [ 0.    0.02  0.01  0.01  0.03  0.02  0.92]
epoch: 3000
error: 0.0182
final: 0.1099
-----
state =  0 1 10 11 12 13 16 16 16 15 13 16 16 15 13 14 17 18
symbol= BPBTXXTTVPXTVPSEPE
label = 040133115431542646
true probabilities:
     B    T    S    X    P    V    E
1 [ 0.   0.5  0.   0.   0.5  0.   0. ]
10 [ 1.  0.  0.  0.  0.  0.  0.]
11 [ 0.   0.5  0.   0.   0.5  0.   0. ]
12 [ 0.   0.   0.5  0.5  0.   0.   0. ]
13 [ 0.   0.   0.5  0.5  0.   0.   0. ]
16 [ 0.   0.5  0.   0.   0.   0.5  0. ]
16 [ 0.   0.5  0.   0.   0.   0.5  0. ]
16 [ 0.   0.5  0.   0.   0.   0.5  0. ]
15 [ 0.   0.   0.   0.   0.5  0.5  0. ]
13 [ 0.   0.   0.5  0.5  0.   0.   0. ]
16 [ 0.   0.5  0.   0.   0.   0.5  0. ]
16 [ 0.   0.5  0.   0.   0.   0.5  0. ]
15 [ 0.   0.   0.   0.   0.5  0.5  0. ]
13 [ 0.   0.   0.5  0.5  0.   0.   0. ]
14 [ 0.  0.  0.  0.  0.  0.  1.]
17 [ 0.  0.  0.  0.  1.  0.  0.]
18 [ 0.  0.  0.  0.  0.  0.  1.]
hidden activations and output probabilities [BTSXPVE]:
1 [ 0.29 -0.3  -0.39  0.72  0.09] [ 0.05  0.44  0.01  0.01  0.47  0.02  0.  ]
10 [ 0.09  0.1  -0.01  0.42  0.91] [ 0.82  0.1   0.01  0.01  0.03  0.04  0.  ]
11 [ 0.72 -0.56 -0.48  0.75  0.41] [ 0.01  0.44  0.01  0.01  0.52  0.02  0.  ]
12 [ 0.26 -0.69 -0.78 -0.55  0.9 ] [ 0.11  0.11  0.29  0.41  0.03  0.05  0.  ]
13 [ 0.2  -0.95  0.23 -0.73  0.87] [ 0.01  0.13  0.32  0.26  0.03  0.25  0.01]
16 [ 0.36 -0.98  0.6  -0.52  0.89] [ 0.    0.2   0.14  0.1   0.05  0.49  0.02]
16 [ 0.64 -0.97  0.89 -0.29  0.92] [ 0.    0.23  0.04  0.02  0.07  0.62  0.01]
16 [ 0.67 -0.97  0.93 -0.29  0.91] [ 0.    0.22  0.04  0.02  0.07  0.64  0.01]
15 [ 0.96 -0.99  0.81 -0.31  0.34] [ 0.    0.24  0.03  0.02  0.19  0.42  0.11]
13 [ 0.18 -0.99  0.47 -0.89  0.58] [ 0.    0.09  0.32  0.25  0.02  0.25  0.06]
16 [ 0.49 -0.98  0.66 -0.51  0.8 ] [ 0.    0.21  0.11  0.08  0.06  0.52  0.02]
16 [ 0.7  -0.98  0.93 -0.33  0.88] [ 0.    0.21  0.04  0.02  0.07  0.64  0.02]
15 [ 0.97 -0.99  0.81 -0.32  0.23] [ 0.    0.23  0.03  0.02  0.2   0.37  0.16]
13 [ 0.18 -0.99  0.46 -0.9   0.48] [ 0.    0.09  0.32  0.25  0.02  0.23  0.09]
14 [ 0.54 -0.98  0.89 -0.85 -0.56] [ 0.    0.01  0.01  0.01  0.01  0.02  0.94]
17 [ 0.76 -1.    0.06  0.34 -0.06] [ 0.    0.36  0.01  0.01  0.56  0.04  0.03]
18 [ 0.18 -0.96  0.7  -0.38 -0.78] [ 0.    0.02  0.01  0.01  0.03  0.01  0.92]
epoch: 4000
error: 0.0176
final: 0.0469
-----
state =  0 1 2 3 4 4 5 6 9 18
symbol= BTBTSXSETE
label = 0101232616
true probabilities:
     B    T    S    X    P    V    E
1 [ 0.   0.5  0.   0.   0.5  0.   0. ]
2 [ 1.  0.  0.  0.  0.  0.  0.]
3 [ 0.   0.5  0.   0.   0.5  0.   0. ]
4 [ 0.   0.   0.5  0.5  0.   0.   0. ]
4 [ 0.   0.   0.5  0.5  0.   0.   0. ]
5 [ 0.   0.   0.5  0.5  0.   0.   0. ]
6 [ 0.  0.  0.  0.  0.  0.  1.]
9 [ 0.  1.  0.  0.  0.  0.  0.]
18 [ 0.  0.  0.  0.  0.  0.  1.]
hidden activations and output probabilities [BTSXPVE]:
1 [ 0.32 -0.26 -0.43  0.73  0.09] [ 0.03  0.48  0.01  0.01  0.45  0.02  0.  ]
2 [-0.27 -0.02 -0.87 -0.12  0.86] [ 0.93  0.01  0.02  0.03  0.    0.    0.  ]
3 [ 0.5  -0.73 -0.66  0.7   0.37] [ 0.01  0.53  0.01  0.01  0.43  0.01  0.  ]
4 [-0.19 -0.81 -0.88 -0.57  0.88] [ 0.07  0.05  0.42  0.46  0.01  0.01  0.  ]
4 [ 0.1  -0.96 -0.87 -0.88 -0.06] [ 0.    0.02  0.39  0.55  0.01  0.    0.02]
5 [-0.34 -0.98  0.09 -0.91  0.68] [ 0.01  0.03  0.55  0.36  0.    0.04  0.01]
6 [ 0.23 -0.98  0.55 -0.81 -0.47] [ 0.    0.01  0.04  0.03  0.01  0.02  0.89]
9 [ 0.57 -0.99  0.06  0.43 -0.05] [ 0.    0.41  0.01  0.01  0.53  0.03  0.02]
18 [ 0.18 -0.94  0.89 -0.59 -0.74] [ 0.    0.    0.    0.    0.01  0.    0.98]
epoch: 5000
error: 0.0022
final: 0.0888
-----
state =  0 1 10 11 12 12 12 13 16 15 14 17 18
symbol= BPBTSSXXVVEPE
label = 0401223355646
true probabilities:
     B    T    S    X    P    V    E
1 [ 0.   0.5  0.   0.   0.5  0.   0. ]
10 [ 1.  0.  0.  0.  0.  0.  0.]
11 [ 0.   0.5  0.   0.   0.5  0.   0. ]
12 [ 0.   0.   0.5  0.5  0.   0.   0. ]
12 [ 0.   0.   0.5  0.5  0.   0.   0. ]
12 [ 0.   0.   0.5  0.5  0.   0.   0. ]
13 [ 0.   0.   0.5  0.5  0.   0.   0. ]
16 [ 0.   0.5  0.   0.   0.   0.5  0. ]
15 [ 0.   0.   0.   0.   0.5  0.5  0. ]
14 [ 0.  0.  0.  0.  0.  0.  1.]
17 [ 0.  0.  0.  0.  1.  0.  0.]
18 [ 0.  0.  0.  0.  0.  0.  1.]
hidden activations and output probabilities [BTSXPVE]:
1 [ 0.36 -0.22 -0.48  0.73  0.08] [ 0.02  0.47  0.01  0.01  0.48  0.02  0.  ]
10 [ 0.1   0.43  0.13  0.45  0.92] [ 0.95  0.03  0.    0.    0.01  0.02  0.  ]
11 [ 0.78 -0.49 -0.54  0.75  0.35] [ 0.    0.45  0.    0.    0.53  0.02  0.  ]
12 [ 0.01 -0.71 -0.85 -0.57  0.89] [ 0.03  0.05  0.39  0.52  0.01  0.01  0.  ]
12 [-0.05 -0.94 -0.81 -0.9  -0.12] [ 0.    0.01  0.4   0.56  0.01  0.    0.02]
12 [-0.39 -0.97 -0.75 -0.98 -0.23] [ 0.    0.    0.45  0.52  0.    0.    0.03]
13 [-0.47 -0.97  0.19 -0.88  0.6 ] [ 0.    0.02  0.57  0.37  0.    0.03  0.01]
16 [ 0.11 -0.97  0.63 -0.26  0.85] [ 0.    0.32  0.11  0.06  0.06  0.44  0.01]
15 [ 0.8  -0.99  0.82 -0.2   0.12] [ 0.    0.21  0.01  0.01  0.26  0.36  0.15]
14 [ 0.94 -0.99  0.77 -0.6  -0.66] [ 0.    0.01  0.    0.    0.02  0.01  0.95]
17 [ 0.47 -1.    0.04  0.57 -0.04] [ 0.    0.43  0.    0.    0.54  0.02  0.01]
18 [ 0.13 -0.98  0.68 -0.32 -0.8 ] [ 0.    0.01  0.    0.    0.01  0.    0.97]
epoch: 6000
error: 0.0054
final: 0.0565
-----
state =  0 1 2 3 4 4 5 8 7 5 6 9 18
symbol= BTBTSXXVPSETE
label = 0101233542616
true probabilities:
     B    T    S    X    P    V    E
1 [ 0.   0.5  0.   0.   0.5  0.   0. ]
2 [ 1.  0.  0.  0.  0.  0.  0.]
3 [ 0.   0.5  0.   0.   0.5  0.   0. ]
4 [ 0.   0.   0.5  0.5  0.   0.   0. ]
4 [ 0.   0.   0.5  0.5  0.   0.   0. ]
5 [ 0.   0.   0.5  0.5  0.   0.   0. ]
8 [ 0.   0.5  0.   0.   0.   0.5  0. ]
7 [ 0.   0.   0.   0.   0.5  0.5  0. ]
5 [ 0.   0.   0.5  0.5  0.   0.   0. ]
6 [ 0.  0.  0.  0.  0.  0.  1.]
9 [ 0.  1.  0.  0.  0.  0.  0.]
18 [ 0.  0.  0.  0.  0.  0.  1.]
hidden activations and output probabilities [BTSXPVE]:
1 [ 0.4  -0.17 -0.53  0.74  0.08] [ 0.01  0.45  0.    0.01  0.51  0.01  0.  ]
2 [-0.32  0.24 -0.91 -0.    0.86] [ 0.98  0.    0.01  0.01  0.    0.    0.  ]
3 [ 0.57 -0.66 -0.66  0.74  0.34] [ 0.    0.5   0.    0.    0.48  0.01  0.  ]
4 [-0.27 -0.76 -0.9  -0.58  0.85] [ 0.02  0.02  0.4   0.55  0.    0.    0.  ]
4 [-0.15 -0.95 -0.89 -0.9  -0.1 ] [ 0.    0.01  0.39  0.59  0.    0.    0.01]
5 [-0.55 -0.98  0.09 -0.9   0.69] [ 0.    0.01  0.56  0.41  0.    0.01  0.  ]
8 [ 0.15 -0.97  0.64 -0.2   0.87] [ 0.    0.38  0.07  0.04  0.06  0.44  0.  ]
7 [ 0.82 -0.99  0.84 -0.19  0.12] [ 0.    0.19  0.01  0.01  0.29  0.37  0.13]
5 [ 0.05 -0.99  0.24 -0.95  0.5 ] [ 0.    0.04  0.45  0.41  0.01  0.07  0.02]
6 [ 0.32 -0.99  0.91 -0.89 -0.57] [ 0.    0.    0.    0.    0.    0.    0.99]
9 [ 0.41 -0.99  0.02  0.51 -0.02] [ 0.    0.43  0.    0.    0.53  0.02  0.01]
18 [ 0.13 -0.97  0.98 -0.57 -0.77] [ 0.    0.    0.    0.    0.    0.    0.99]
epoch: 7000
error: 0.0043
final: 0.0866
-----
state =  0 1 2 3 8 7 6 9 18
symbol= BTBPVVETE
label = 010455616
true probabilities:
     B    T    S    X    P    V    E
1 [ 0.   0.5  0.   0.   0.5  0.   0. ]
2 [ 1.  0.  0.  0.  0.  0.  0.]
3 [ 0.   0.5  0.   0.   0.5  0.   0. ]
8 [ 0.   0.5  0.   0.   0.   0.5  0. ]
7 [ 0.   0.   0.   0.   0.5  0.5  0. ]
6 [ 0.  0.  0.  0.  0.  0.  1.]
9 [ 0.  1.  0.  0.  0.  0.  0.]
18 [ 0.  0.  0.  0.  0.  0.  1.]
hidden activations and output probabilities [BTSXPVE]:
1 [ 0.39 -0.15 -0.56  0.74  0.08] [ 0.01  0.49  0.    0.    0.48  0.01  0.  ]
2 [-0.35  0.32 -0.92  0.04  0.86] [ 0.99  0.    0.    0.    0.    0.    0.  ]
3 [ 0.6  -0.68 -0.66  0.75  0.32] [ 0.    0.53  0.    0.    0.46  0.01  0.  ]
8 [ 0.17 -0.44  0.58 -0.08  0.91] [ 0.02  0.36  0.04  0.03  0.04  0.51  0.  ]
7 [ 0.94 -0.83  0.82 -0.13  0.15] [ 0.    0.17  0.    0.    0.32  0.46  0.05]
6 [ 0.97 -0.96  0.78 -0.65 -0.65] [ 0.    0.    0.    0.    0.02  0.01  0.97]
9 [ 0.31 -0.98  0.02  0.66 -0.03] [ 0.    0.49  0.    0.    0.48  0.02  0.  ]
18 [ 0.42 -0.88  0.98 -0.54 -0.82] [ 0.  0.  0.  0.  0.  0.  1.]
epoch: 8000
error: 0.0044
final: 0.0698
-----
state =  0 1 10 11 12 12 12 13 14 17 18
symbol= BPBTSSXSEPE
label = 04012232646
true probabilities:
     B    T    S    X    P    V    E
1 [ 0.   0.5  0.   0.   0.5  0.   0. ]
10 [ 1.  0.  0.  0.  0.  0.  0.]
11 [ 0.   0.5  0.   0.   0.5  0.   0. ]
12 [ 0.   0.   0.5  0.5  0.   0.   0. ]
12 [ 0.   0.   0.5  0.5  0.   0.   0. ]
12 [ 0.   0.   0.5  0.5  0.   0.   0. ]
13 [ 0.   0.   0.5  0.5  0.   0.   0. ]
14 [ 0.  0.  0.  0.  0.  0.  1.]
17 [ 0.  0.  0.  0.  1.  0.  0.]
18 [ 0.  0.  0.  0.  0.  0.  1.]
hidden activations and output probabilities [BTSXPVE]:
1 [ 0.41 -0.11 -0.6   0.75  0.08] [ 0.01  0.45  0.    0.    0.52  0.01  0.  ]
10 [ 0.14  0.6   0.04  0.59  0.93] [ 0.98  0.01  0.    0.    0.    0.    0.  ]
11 [ 0.78 -0.64 -0.67  0.82  0.37] [ 0.    0.43  0.    0.    0.56  0.01  0.  ]
12 [-0.09 -0.78 -0.91 -0.61  0.88] [ 0.    0.02  0.45  0.52  0.    0.    0.  ]
12 [-0.31 -0.95 -0.87 -0.92 -0.11] [ 0.    0.    0.46  0.52  0.    0.    0.01]
12 [-0.54 -0.97 -0.85 -0.98 -0.14] [ 0.    0.    0.49  0.49  0.    0.    0.01]
13 [-0.62 -0.98  0.1  -0.84  0.67] [ 0.    0.01  0.63  0.35  0.    0.01  0.  ]
14 [ 0.25 -0.96  0.61 -0.75 -0.54] [ 0.    0.    0.01  0.    0.    0.    0.98]
17 [ 0.27 -0.99  0.03  0.64 -0.03] [ 0.    0.46  0.    0.    0.51  0.02  0.  ]
18 [ 0.12 -0.95  0.67 -0.23 -0.71] [ 0.    0.    0.    0.    0.02  0.    0.97]
epoch: 9000
error: 0.0015
final: 0.0645
-----
state =  0 1 10 11 16 15 13 16 16 15 13 16 15 14 17 18
symbol= BPBPVPXTVPXVVEPE
label = 0404543154355646
true probabilities:
     B    T    S    X    P    V    E
1 [ 0.   0.5  0.   0.   0.5  0.   0. ]
10 [ 1.  0.  0.  0.  0.  0.  0.]
11 [ 0.   0.5  0.   0.   0.5  0.   0. ]
16 [ 0.   0.5  0.   0.   0.   0.5  0. ]
15 [ 0.   0.   0.   0.   0.5  0.5  0. ]
13 [ 0.   0.   0.5  0.5  0.   0.   0. ]
16 [ 0.   0.5  0.   0.   0.   0.5  0. ]
16 [ 0.   0.5  0.   0.   0.   0.5  0. ]
15 [ 0.   0.   0.   0.   0.5  0.5  0. ]
13 [ 0.   0.   0.5  0.5  0.   0.   0. ]
16 [ 0.   0.5  0.   0.   0.   0.5  0. ]
15 [ 0.   0.   0.   0.   0.5  0.5  0. ]
14 [ 0.  0.  0.  0.  0.  0.  1.]
17 [ 0.  0.  0.  0.  1.  0.  0.]
18 [ 0.  0.  0.  0.  0.  0.  1.]
hidden activations and output probabilities [BTSXPVE]:
1 [ 0.41 -0.12 -0.62  0.75  0.08] [ 0.    0.48  0.    0.    0.49  0.01  0.  ]
10 [ 0.14  0.62  0.1   0.55  0.93] [ 0.98  0.01  0.    0.    0.    0.    0.  ]
11 [ 0.78 -0.65 -0.67  0.81  0.34] [ 0.    0.46  0.    0.    0.53  0.01  0.  ]
16 [ 0.19 -0.42  0.62  0.07  0.93] [ 0.01  0.43  0.02  0.01  0.03  0.5   0.  ]
15 [ 0.97 -0.8   0.86 -0.13  0.16] [ 0.    0.11  0.    0.    0.32  0.55  0.02]
13 [ 0.03 -0.91  0.18 -0.91  0.61] [ 0.    0.03  0.49  0.41  0.    0.06  0.  ]
16 [ 0.28 -0.97  0.81 -0.26  0.87] [ 0.    0.27  0.03  0.02  0.03  0.65  0.  ]
16 [ 0.18 -0.98  0.91 -0.06  0.91] [ 0.    0.37  0.02  0.01  0.03  0.58  0.  ]
15 [ 0.96 -0.98  0.91 -0.11  0.17] [ 0.    0.12  0.    0.    0.33  0.53  0.02]
13 [ 0.03 -1.    0.21 -0.95  0.6 ] [ 0.    0.03  0.5   0.41  0.    0.05  0.01]
16 [ 0.27 -0.99  0.82 -0.25  0.87] [ 0.    0.28  0.03  0.02  0.03  0.64  0.  ]
15 [ 0.89 -0.99  0.89 -0.15  0.11] [ 0.    0.12  0.    0.    0.35  0.49  0.04]
14 [ 0.96 -0.99  0.8  -0.72 -0.68] [ 0.    0.    0.    0.    0.01  0.    0.98]
17 [ 0.26 -1.    0.02  0.68 -0.02] [ 0.    0.49  0.    0.    0.49  0.01  0.  ]
18 [ 0.13 -0.99  0.74 -0.29 -0.81] [ 0.    0.    0.    0.    0.01  0.    0.99]
epoch: 10000
error: 0.0048
final: 0.0726
-----
state =  0 1 10 11 12 12 12 12 12 12 12 12 13 14 17 18
symbol= BPBTSSSSSSSXSEPE
label = 0401222222232646
true probabilities:
     B    T    S    X    P    V    E
1 [ 0.   0.5  0.   0.   0.5  0.   0. ]
10 [ 1.  0.  0.  0.  0.  0.  0.]
11 [ 0.   0.5  0.   0.   0.5  0.   0. ]
12 [ 0.   0.   0.5  0.5  0.   0.   0. ]
12 [ 0.   0.   0.5  0.5  0.   0.   0. ]
12 [ 0.   0.   0.5  0.5  0.   0.   0. ]
12 [ 0.   0.   0.5  0.5  0.   0.   0. ]
12 [ 0.   0.   0.5  0.5  0.   0.   0. ]
12 [ 0.   0.   0.5  0.5  0.   0.   0. ]
12 [ 0.   0.   0.5  0.5  0.   0.   0. ]
12 [ 0.   0.   0.5  0.5  0.   0.   0. ]
13 [ 0.   0.   0.5  0.5  0.   0.   0. ]
14 [ 0.  0.  0.  0.  0.  0.  1.]
17 [ 0.  0.  0.  0.  1.  0.  0.]
18 [ 0.  0.  0.  0.  0.  0.  1.]
hidden activations and output probabilities [BTSXPVE]:
1 [ 0.41 -0.1  -0.64  0.75  0.08] [ 0.    0.48  0.    0.    0.5   0.01  0.  ]
10 [ 0.15  0.61  0.03  0.66  0.93] [ 0.99  0.01  0.    0.    0.    0.    0.  ]
11 [ 0.78 -0.66 -0.7   0.84  0.41] [ 0.    0.51  0.    0.    0.48  0.01  0.  ]
12 [-0.05 -0.82 -0.92 -0.62  0.87] [ 0.    0.02  0.46  0.51  0.    0.    0.  ]
12 [-0.34 -0.96 -0.87 -0.92 -0.14] [ 0.    0.    0.47  0.51  0.    0.    0.02]
12 [-0.55 -0.97 -0.84 -0.98 -0.17] [ 0.    0.    0.49  0.49  0.    0.    0.02]
12 [-0.55 -0.97 -0.85 -0.99 -0.15] [ 0.    0.    0.49  0.49  0.    0.    0.01]
12 [-0.55 -0.97 -0.86 -0.99 -0.14] [ 0.    0.    0.49  0.49  0.    0.    0.01]
12 [-0.55 -0.98 -0.86 -0.99 -0.13] [ 0.    0.    0.49  0.49  0.    0.    0.01]
12 [-0.55 -0.98 -0.86 -0.99 -0.13] [ 0.    0.    0.49  0.49  0.    0.    0.01]
12 [-0.55 -0.98 -0.87 -0.99 -0.12] [ 0.    0.    0.49  0.49  0.    0.    0.01]
13 [-0.65 -0.98  0.18 -0.82  0.68] [ 0.    0.02  0.62  0.35  0.    0.01  0.  ]
14 [ 0.29 -0.96  0.66 -0.69 -0.59] [ 0.    0.    0.    0.    0.    0.    0.99]
17 [ 0.23 -0.99  0.03  0.67 -0.03] [ 0.    0.5   0.    0.    0.48  0.01  0.  ]
18 [ 0.11 -0.98  0.68 -0.23 -0.75] [ 0.    0.    0.    0.    0.01  0.    0.99]
epoch: 11000
error: 0.0006
final: 0.0740
-----
state =  0 1 10 11 16 16 16 15 13 16 16 16 15 13 14 17 18
symbol= BPBPTTVPXTTVPSEPE
label = 04041154311542646
true probabilities:
     B    T    S    X    P    V    E
1 [ 0.   0.5  0.   0.   0.5  0.   0. ]
10 [ 1.  0.  0.  0.  0.  0.  0.]
11 [ 0.   0.5  0.   0.   0.5  0.   0. ]
16 [ 0.   0.5  0.   0.   0.   0.5  0. ]
16 [ 0.   0.5  0.   0.   0.   0.5  0. ]
16 [ 0.   0.5  0.   0.   0.   0.5  0. ]
15 [ 0.   0.   0.   0.   0.5  0.5  0. ]
13 [ 0.   0.   0.5  0.5  0.   0.   0. ]
16 [ 0.   0.5  0.   0.   0.   0.5  0. ]
16 [ 0.   0.5  0.   0.   0.   0.5  0. ]
16 [ 0.   0.5  0.   0.   0.   0.5  0. ]
15 [ 0.   0.   0.   0.   0.5  0.5  0. ]
13 [ 0.   0.   0.5  0.5  0.   0.   0. ]
14 [ 0.  0.  0.  0.  0.  0.  1.]
17 [ 0.  0.  0.  0.  1.  0.  0.]
18 [ 0.  0.  0.  0.  0.  0.  1.]
hidden activations and output probabilities [BTSXPVE]:
1 [ 0.42 -0.08 -0.64  0.75  0.08] [ 0.    0.49  0.    0.    0.49  0.01  0.  ]
10 [ 0.15  0.63  0.14  0.65  0.93] [ 0.99  0.01  0.    0.    0.    0.    0.  ]
11 [ 0.78 -0.66 -0.68  0.84  0.39] [ 0.    0.51  0.    0.    0.48  0.01  0.  ]
16 [ 0.21 -0.56  0.65  0.14  0.93] [ 0.    0.52  0.01  0.01  0.03  0.44  0.  ]
16 [ 0.24 -0.86  0.81 -0.05  0.91] [ 0.    0.38  0.01  0.01  0.03  0.57  0.  ]
16 [ 0.2  -0.96  0.91 -0.04  0.9 ] [ 0.    0.38  0.01  0.01  0.02  0.58  0.  ]
15 [ 0.99 -0.97  0.92 -0.12  0.09] [ 0.    0.08  0.    0.    0.39  0.52  0.01]
13 [ 0.02 -0.99  0.15 -0.96  0.58] [ 0.    0.02  0.51  0.43  0.    0.04  0.  ]
16 [ 0.34 -0.99  0.82 -0.24  0.88] [ 0.    0.26  0.02  0.01  0.03  0.68  0.  ]
16 [ 0.15 -0.99  0.91 -0.05  0.91] [ 0.    0.4   0.01  0.01  0.02  0.56  0.  ]
16 [ 0.18 -0.98  0.93 -0.03  0.89] [ 0.    0.38  0.01  0.01  0.03  0.57  0.  ]
15 [ 0.99 -0.98  0.92 -0.11  0.05] [ 0.    0.07  0.    0.    0.42  0.49  0.02]
13 [ 0.02 -1.    0.16 -0.96  0.55] [ 0.    0.02  0.5   0.43  0.    0.04  0.  ]
14 [ 0.25 -0.99  0.94 -0.91 -0.56] [ 0.  0.  0.  0.  0.  0.  1.]
17 [ 0.27 -0.99  0.01  0.66 -0.02] [ 0.    0.47  0.    0.    0.51  0.01  0.  ]
18 [ 0.12 -0.99  0.71 -0.23 -0.74] [ 0.    0.    0.    0.    0.01  0.    0.99]
epoch: 12000
error: 0.0029
final: 0.0666
-----
state =  0 1 2 3 4 4 5 6 9 18
symbol= BTBTSXSETE
label = 0101232616
true probabilities:
     B    T    S    X    P    V    E
1 [ 0.   0.5  0.   0.   0.5  0.   0. ]
2 [ 1.  0.  0.  0.  0.  0.  0.]
3 [ 0.   0.5  0.   0.   0.5  0.   0. ]
4 [ 0.   0.   0.5  0.5  0.   0.   0. ]
4 [ 0.   0.   0.5  0.5  0.   0.   0. ]
5 [ 0.   0.   0.5  0.5  0.   0.   0. ]
6 [ 0.  0.  0.  0.  0.  0.  1.]
9 [ 0.  1.  0.  0.  0.  0.  0.]
18 [ 0.  0.  0.  0.  0.  0.  1.]
hidden activations and output probabilities [BTSXPVE]:
1 [ 0.43 -0.1  -0.65  0.75  0.08] [ 0.    0.47  0.    0.    0.51  0.01  0.  ]
2 [-0.32  0.48 -0.94  0.14  0.86] [ 1.  0.  0.  0.  0.  0.  0.]
3 [ 0.62 -0.7  -0.87  0.78  0.29] [ 0.    0.51  0.    0.    0.49  0.    0.  ]
4 [-0.3  -0.65 -0.96 -0.64  0.84] [ 0.    0.01  0.46  0.53  0.    0.    0.  ]
4 [-0.39 -0.91 -0.98 -0.91 -0.06] [ 0.    0.    0.45  0.54  0.    0.    0.01]
5 [-0.68 -0.94 -0.17 -0.85  0.71] [ 0.    0.01  0.56  0.43  0.    0.    0.  ]
6 [ 0.24 -0.96  0.04 -0.75 -0.48] [ 0.    0.    0.02  0.02  0.01  0.    0.94]
9 [-0.09 -0.98  0.08  0.72 -0.05] [ 0.    0.66  0.    0.    0.32  0.01  0.  ]
18 [-0.21 -0.75  0.4  -0.38 -0.76] [ 0.  0.  0.  0.  0.  0.  1.]
epoch: 13000
error: 0.0006
final: 0.0311
-----
state =  0 1 10 11 12 13 14 17 18
symbol= BPBTXSEPE
label = 040132646
true probabilities:
     B    T    S    X    P    V    E
1 [ 0.   0.5  0.   0.   0.5  0.   0. ]
10 [ 1.  0.  0.  0.  0.  0.  0.]
11 [ 0.   0.5  0.   0.   0.5  0.   0. ]
12 [ 0.   0.   0.5  0.5  0.   0.   0. ]
13 [ 0.   0.   0.5  0.5  0.   0.   0. ]
14 [ 0.  0.  0.  0.  0.  0.  1.]
17 [ 0.  0.  0.  0.  1.  0.  0.]
18 [ 0.  0.  0.  0.  0.  0.  1.]
hidden activations and output probabilities [BTSXPVE]:
1 [ 0.42 -0.08 -0.65  0.75  0.08] [ 0.    0.48  0.    0.    0.5   0.01  0.  ]
10 [ 0.18  0.63  0.21  0.64  0.93] [ 0.99  0.    0.    0.    0.    0.    0.  ]
11 [ 0.78 -0.67 -0.67  0.83  0.36] [ 0.    0.47  0.    0.    0.52  0.01  0.  ]
12 [ 0.09 -0.73 -0.89 -0.66  0.86] [ 0.    0.02  0.41  0.56  0.    0.    0.  ]
13 [-0.57 -0.93  0.18 -0.71  0.9 ] [ 0.    0.04  0.55  0.4   0.    0.01  0.  ]
14 [ 0.29 -0.95  0.6  -0.51 -0.61] [ 0.    0.    0.    0.    0.01  0.    0.99]
17 [ 0.3  -0.96  0.05  0.73 -0.04] [ 0.    0.44  0.    0.    0.55  0.01  0.  ]
18 [ 0.12 -0.66  0.67 -0.23 -0.77] [ 0.  0.  0.  0.  0.  0.  1.]
epoch: 14000
error: 0.0013
final: 0.0566
-----
state =  0 1 10 11 12 12 13 16 16 15 14 17 18
symbol= BPBTSXXTVVEPE
label = 0401233155646
true probabilities:
     B    T    S    X    P    V    E
1 [ 0.   0.5  0.   0.   0.5  0.   0. ]
10 [ 1.  0.  0.  0.  0.  0.  0.]
11 [ 0.   0.5  0.   0.   0.5  0.   0. ]
12 [ 0.   0.   0.5  0.5  0.   0.   0. ]
12 [ 0.   0.   0.5  0.5  0.   0.   0. ]
13 [ 0.   0.   0.5  0.5  0.   0.   0. ]
16 [ 0.   0.5  0.   0.   0.   0.5  0. ]
16 [ 0.   0.5  0.   0.   0.   0.5  0. ]
15 [ 0.   0.   0.   0.   0.5  0.5  0. ]
14 [ 0.  0.  0.  0.  0.  0.  1.]
17 [ 0.  0.  0.  0.  1.  0.  0.]
18 [ 0.  0.  0.  0.  0.  0.  1.]
hidden activations and output probabilities [BTSXPVE]:
1 [ 0.42 -0.07 -0.66  0.75  0.08] [ 0.    0.47  0.    0.    0.51  0.01  0.  ]
10 [ 0.18  0.64  0.19  0.67  0.93] [ 1.  0.  0.  0.  0.  0.  0.]
11 [ 0.78 -0.67 -0.68  0.84  0.37] [ 0.    0.48  0.    0.    0.51  0.01  0.  ]
12 [ 0.09 -0.74 -0.9  -0.66  0.86] [ 0.    0.02  0.46  0.51  0.    0.    0.  ]
12 [-0.44 -0.94 -0.88 -0.93 -0.05] [ 0.    0.    0.47  0.52  0.    0.    0.01]
13 [-0.68 -0.92  0.26 -0.78  0.71] [ 0.    0.02  0.6   0.38  0.    0.01  0.  ]
16 [ 0.41 -0.89  0.74 -0.02  0.88] [ 0.    0.39  0.01  0.    0.03  0.57  0.  ]
16 [ 0.14 -0.98  0.91 -0.06  0.91] [ 0.    0.43  0.01  0.01  0.02  0.53  0.  ]
15 [ 0.98 -0.96  0.94 -0.08  0.05] [ 0.    0.06  0.    0.    0.44  0.5   0.  ]
14 [ 0.98 -0.98  0.83 -0.81 -0.71] [ 0.    0.    0.    0.    0.    0.    0.99]
17 [ 0.31 -0.99  0.01  0.72 -0.03] [ 0.    0.42  0.    0.    0.57  0.01  0.  ]
18 [ 0.14 -0.94  0.69 -0.27 -0.83] [ 0.  0.  0.  0.  0.  0.  1.]
epoch: 15000
error: 0.0012
final: 0.0524
-----
state =  0 1 10 11 12 13 16 16 16 16 15 13 16 15 14 17 18
symbol= BPBTXXTTTVPXVVEPE
label = 04013311154355646
true probabilities:
     B    T    S    X    P    V    E
1 [ 0.   0.5  0.   0.   0.5  0.   0. ]
10 [ 1.  0.  0.  0.  0.  0.  0.]
11 [ 0.   0.5  0.   0.   0.5  0.   0. ]
12 [ 0.   0.   0.5  0.5  0.   0.   0. ]
13 [ 0.   0.   0.5  0.5  0.   0.   0. ]
16 [ 0.   0.5  0.   0.   0.   0.5  0. ]
16 [ 0.   0.5  0.   0.   0.   0.5  0. ]
16 [ 0.   0.5  0.   0.   0.   0.5  0. ]
16 [ 0.   0.5  0.   0.   0.   0.5  0. ]
15 [ 0.   0.   0.   0.   0.5  0.5  0. ]
13 [ 0.   0.   0.5  0.5  0.   0.   0. ]
16 [ 0.   0.5  0.   0.   0.   0.5  0. ]
15 [ 0.   0.   0.   0.   0.5  0.5  0. ]
14 [ 0.  0.  0.  0.  0.  0.  1.]
17 [ 0.  0.  0.  0.  1.  0.  0.]
18 [ 0.  0.  0.  0.  0.  0.  1.]
hidden activations and output probabilities [BTSXPVE]:
1 [ 0.41 -0.07 -0.67  0.75  0.08] [ 0.    0.51  0.    0.    0.48  0.01  0.  ]
10 [ 0.2   0.64  0.21  0.66  0.93] [ 1.  0.  0.  0.  0.  0.  0.]
11 [ 0.77 -0.68 -0.68  0.84  0.36] [ 0.    0.48  0.    0.    0.51  0.01  0.  ]
12 [ 0.12 -0.7  -0.9  -0.67  0.86] [ 0.    0.02  0.44  0.54  0.    0.    0.  ]
13 [-0.59 -0.92  0.24 -0.74  0.89] [ 0.    0.03  0.57  0.39  0.    0.01  0.  ]
16 [ 0.43 -0.91  0.75 -0.02  0.92] [ 0.    0.36  0.01  0.    0.02  0.61  0.  ]
16 [ 0.13 -0.98  0.91 -0.06  0.94] [ 0.    0.41  0.01  0.01  0.01  0.56  0.  ]
16 [ 0.14 -0.97  0.93 -0.02  0.93] [ 0.    0.43  0.01  0.    0.01  0.55  0.  ]
16 [ 0.14 -0.97  0.94 -0.02  0.91] [ 0.    0.42  0.01  0.    0.01  0.55  0.  ]
15 [ 0.99 -0.96  0.95 -0.08  0.06] [ 0.    0.05  0.    0.    0.4   0.56  0.  ]
13 [ 0.02 -0.99  0.12 -0.97  0.65] [ 0.    0.02  0.52  0.43  0.    0.03  0.  ]
16 [ 0.25 -0.99  0.84 -0.16  0.89] [ 0.    0.32  0.01  0.01  0.02  0.64  0.  ]
15 [ 0.88 -0.97  0.93 -0.13  0.03] [ 0.    0.05  0.    0.    0.39  0.54  0.01]
14 [ 0.91 -0.97  0.83 -0.79 -0.72] [ 0.  0.  0.  0.  0.  0.  1.]
17 [ 0.25 -1.    0.01  0.72 -0.03] [ 0.    0.48  0.    0.    0.51  0.01  0.  ]
18 [ 0.15 -0.98  0.7  -0.28 -0.83] [ 0.  0.  0.  0.  0.  0.  1.]
epoch: 16000
error: 0.0023
final: 0.0676
-----
state =  0 1 2 3 4 4 5 6 9 18
symbol= BTBTSXSETE
label = 0101232616
true probabilities:
     B    T    S    X    P    V    E
1 [ 0.   0.5  0.   0.   0.5  0.   0. ]
2 [ 1.  0.  0.  0.  0.  0.  0.]
3 [ 0.   0.5  0.   0.   0.5  0.   0. ]
4 [ 0.   0.   0.5  0.5  0.   0.   0. ]
4 [ 0.   0.   0.5  0.5  0.   0.   0. ]
5 [ 0.   0.   0.5  0.5  0.   0.   0. ]
6 [ 0.  0.  0.  0.  0.  0.  1.]
9 [ 0.  1.  0.  0.  0.  0.  0.]
18 [ 0.  0.  0.  0.  0.  0.  1.]
hidden activations and output probabilities [BTSXPVE]:
1 [ 0.42 -0.07 -0.67  0.75  0.08] [ 0.    0.48  0.    0.    0.51  0.01  0.  ]
2 [-0.35  0.52 -0.94  0.33  0.87] [ 1.  0.  0.  0.  0.  0.  0.]
3 [ 0.61 -0.7  -0.9   0.83  0.26] [ 0.    0.48  0.    0.    0.52  0.    0.  ]
4 [-0.31 -0.55 -0.97 -0.62  0.83] [ 0.    0.01  0.47  0.52  0.    0.    0.  ]
4 [-0.45 -0.87 -0.99 -0.9  -0.04] [ 0.    0.    0.46  0.53  0.    0.    0.01]
5 [-0.7  -0.79 -0.17 -0.83  0.71] [ 0.    0.01  0.56  0.43  0.    0.    0.  ]
6 [ 0.1  -0.88 -0.15 -0.6  -0.5 ] [ 0.    0.    0.02  0.02  0.01  0.    0.96]
9 [-0.42 -0.86  0.14  0.74 -0.08] [ 0.    0.84  0.01  0.    0.14  0.01  0.  ]
18 [-0.19 -0.1   0.1  -0.03 -0.8 ] [ 0.  0.  0.  0.  0.  0.  1.]
epoch: 17000
error: 0.0005
final: 0.0065
-----
state =  0 1 2 3 4 5 6 9 18
symbol= BTBTXSETE
label = 010132616
true probabilities:
     B    T    S    X    P    V    E
1 [ 0.   0.5  0.   0.   0.5  0.   0. ]
2 [ 1.  0.  0.  0.  0.  0.  0.]
3 [ 0.   0.5  0.   0.   0.5  0.   0. ]
4 [ 0.   0.   0.5  0.5  0.   0.   0. ]
5 [ 0.   0.   0.5  0.5  0.   0.   0. ]
6 [ 0.  0.  0.  0.  0.  0.  1.]
9 [ 0.  1.  0.  0.  0.  0.  0.]
18 [ 0.  0.  0.  0.  0.  0.  1.]
hidden activations and output probabilities [BTSXPVE]:
1 [ 0.41 -0.08 -0.65  0.75  0.08] [ 0.    0.49  0.    0.    0.5   0.01  0.  ]
2 [-0.36  0.53 -0.94  0.19  0.86] [ 1.  0.  0.  0.  0.  0.  0.]
3 [ 0.61 -0.71 -0.9   0.8   0.21] [ 0.    0.43  0.    0.    0.56  0.    0.  ]
4 [-0.32 -0.45 -0.97 -0.66  0.83] [ 0.    0.01  0.44  0.55  0.    0.    0.  ]
5 [-0.56 -0.8  -0.25 -0.56  0.84] [ 0.    0.03  0.54  0.43  0.    0.    0.  ]
6 [ 0.14 -0.9  -0.25 -0.72 -0.57] [ 0.    0.    0.01  0.01  0.    0.    0.98]
9 [-0.56 -0.88  0.13  0.74 -0.07] [ 0.    0.9   0.01  0.    0.09  0.    0.  ]
18 [-0.27 -0.1   0.03 -0.03 -0.83] [ 0.  0.  0.  0.  0.  0.  1.]
epoch: 18000
error: 0.0011
final: 0.0025
-----
state =  0 1 10 11 16 15 13 16 16 15 13 14 17 18
symbol= BPBPVPXTVPSEPE
label = 04045431542646
true probabilities:
     B    T    S    X    P    V    E
1 [ 0.   0.5  0.   0.   0.5  0.   0. ]
10 [ 1.  0.  0.  0.  0.  0.  0.]
11 [ 0.   0.5  0.   0.   0.5  0.   0. ]
16 [ 0.   0.5  0.   0.   0.   0.5  0. ]
15 [ 0.   0.   0.   0.   0.5  0.5  0. ]
13 [ 0.   0.   0.5  0.5  0.   0.   0. ]
16 [ 0.   0.5  0.   0.   0.   0.5  0. ]
16 [ 0.   0.5  0.   0.   0.   0.5  0. ]
15 [ 0.   0.   0.   0.   0.5  0.5  0. ]
13 [ 0.   0.   0.5  0.5  0.   0.   0. ]
14 [ 0.  0.  0.  0.  0.  0.  1.]
17 [ 0.  0.  0.  0.  1.  0.  0.]
18 [ 0.  0.  0.  0.  0.  0.  1.]
hidden activations and output probabilities [BTSXPVE]:
1 [ 0.42 -0.07 -0.64  0.75  0.09] [ 0.    0.49  0.    0.    0.5   0.01  0.  ]
10 [ 0.23  0.6   0.26  0.68  0.93] [ 1.  0.  0.  0.  0.  0.  0.]
11 [ 0.78 -0.69 -0.65  0.84  0.41] [ 0.    0.5   0.    0.    0.5   0.01  0.  ]
16 [ 0.32 -0.72  0.68  0.08  0.94] [ 0.    0.48  0.01  0.    0.02  0.5   0.  ]
15 [ 0.98 -0.85  0.88 -0.17  0.12] [ 0.    0.03  0.    0.    0.3   0.66  0.  ]
13 [ 0.04 -0.94  0.05 -0.92  0.72] [ 0.    0.02  0.55  0.4   0.    0.03  0.  ]
16 [ 0.16 -0.97  0.84 -0.17  0.9 ] [ 0.    0.35  0.02  0.01  0.01  0.61  0.  ]
16 [ 0.13 -0.97  0.88 -0.01  0.91] [ 0.    0.46  0.01  0.    0.01  0.51  0.  ]
15 [ 0.95 -0.94  0.91 -0.08  0.04] [ 0.    0.04  0.    0.    0.42  0.55  0.  ]
13 [ 0.04 -0.99  0.06 -0.97  0.66] [ 0.    0.01  0.56  0.4   0.    0.03  0.  ]
14 [-0.05 -0.99  0.93 -0.82 -0.49] [ 0.  0.  0.  0.  0.  0.  1.]
17 [ 0.27 -0.98  0.02  0.67 -0.05] [ 0.    0.43  0.    0.    0.56  0.01  0.  ]
18 [ 0.19 -0.96  0.64 -0.26 -0.64] [ 0.    0.    0.    0.    0.01  0.    0.99]
epoch: 19000
error: 0.0025
final: 0.0535
-----
state =  0 1 10 11 16 15 14 17 18
symbol= BPBPVVEPE
label = 040455646
true probabilities:
     B    T    S    X    P    V    E
1 [ 0.   0.5  0.   0.   0.5  0.   0. ]
10 [ 1.  0.  0.  0.  0.  0.  0.]
11 [ 0.   0.5  0.   0.   0.5  0.   0. ]
16 [ 0.   0.5  0.   0.   0.   0.5  0. ]
15 [ 0.   0.   0.   0.   0.5  0.5  0. ]
14 [ 0.  0.  0.  0.  0.  0.  1.]
17 [ 0.  0.  0.  0.  1.  0.  0.]
18 [ 0.  0.  0.  0.  0.  0.  1.]
hidden activations and output probabilities [BTSXPVE]:
1 [ 0.41 -0.05 -0.63  0.75  0.09] [ 0.    0.5   0.    0.    0.49  0.01  0.  ]
10 [ 0.23  0.6   0.24  0.71  0.93] [ 1.  0.  0.  0.  0.  0.  0.]
11 [ 0.78 -0.68 -0.66  0.85  0.42] [ 0.    0.51  0.    0.    0.48  0.    0.  ]
16 [ 0.33 -0.73  0.68  0.1   0.93] [ 0.    0.51  0.    0.    0.02  0.46  0.  ]
15 [ 0.98 -0.82  0.87 -0.15  0.12] [ 0.    0.03  0.    0.    0.32  0.65  0.  ]
14 [ 0.97 -0.86  0.53 -0.76 -0.67] [ 0.    0.    0.    0.    0.01  0.    0.99]
17 [ 0.58 -0.89  0.01  0.73 -0.11] [ 0.    0.17  0.    0.    0.82  0.01  0.  ]
18 [ 0.2  -0.43  0.6  -0.27 -0.74] [ 0.  0.  0.  0.  0.  0.  1.]
epoch: 20000
error: 0.0027
final: 0.0091
-----
state =  0 1 2 3 4 5 8 8 7 6 9 18
symbol= BTBTXXTVVETE
label = 010133155616
true probabilities:
     B    T    S    X    P    V    E
1 [ 0.   0.5  0.   0.   0.5  0.   0. ]
2 [ 1.  0.  0.  0.  0.  0.  0.]
3 [ 0.   0.5  0.   0.   0.5  0.   0. ]
4 [ 0.   0.   0.5  0.5  0.   0.   0. ]
5 [ 0.   0.   0.5  0.5  0.   0.   0. ]
8 [ 0.   0.5  0.   0.   0.   0.5  0. ]
8 [ 0.   0.5  0.   0.   0.   0.5  0. ]
7 [ 0.   0.   0.   0.   0.5  0.5  0. ]
6 [ 0.  0.  0.  0.  0.  0.  1.]
9 [ 0.  1.  0.  0.  0.  0.  0.]
18 [ 0.  0.  0.  0.  0.  0.  1.]
hidden activations and output probabilities [BTSXPVE]:
1 [ 0.4  -0.04 -0.63  0.75  0.1 ] [ 0.    0.52  0.    0.    0.47  0.01  0.  ]
2 [-0.39  0.51 -0.94  0.35  0.84] [ 1.  0.  0.  0.  0.  0.  0.]
3 [ 0.52 -0.7  -0.9   0.83  0.18] [ 0.    0.48  0.    0.    0.51  0.    0.  ]
4 [-0.41 -0.32 -0.98 -0.62  0.79] [ 0.    0.01  0.46  0.53  0.    0.    0.  ]
5 [-0.56 -0.71 -0.23 -0.57  0.8 ] [ 0.    0.03  0.55  0.41  0.    0.    0.  ]
8 [ 0.19 -0.69  0.68 -0.1   0.89] [ 0.    0.43  0.02  0.01  0.01  0.53  0.  ]
8 [ 0.09 -0.75  0.84 -0.02  0.9 ] [ 0.    0.47  0.01  0.01  0.01  0.5   0.  ]
7 [ 0.86 -0.63  0.88 -0.05  0.03] [ 0.    0.03  0.    0.    0.38  0.58  0.  ]
6 [ 0.74 -0.57  0.5  -0.74 -0.72] [ 0.  0.  0.  0.  0.  0.  1.]
9 [-0.02 -0.58  0.01  0.74 -0.08] [ 0.    0.67  0.    0.    0.32  0.01  0.  ]
18 [-0.43  0.14  0.85 -0.1  -0.84] [ 0.  0.  0.  0.  0.  0.  1.]
epoch: 21000
error: 0.0010
final: 0.0308
-----
state =  0 1 2 3 4 4 5 6 9 18
symbol= BTBTSXSETE
label = 0101232616
true probabilities:
     B    T    S    X    P    V    E
1 [ 0.   0.5  0.   0.   0.5  0.   0. ]
2 [ 1.  0.  0.  0.  0.  0.  0.]
3 [ 0.   0.5  0.   0.   0.5  0.   0. ]
4 [ 0.   0.   0.5  0.5  0.   0.   0. ]
4 [ 0.   0.   0.5  0.5  0.   0.   0. ]
5 [ 0.   0.   0.5  0.5  0.   0.   0. ]
6 [ 0.  0.  0.  0.  0.  0.  1.]
9 [ 0.  1.  0.  0.  0.  0.  0.]
18 [ 0.  0.  0.  0.  0.  0.  1.]
hidden activations and output probabilities [BTSXPVE]:
1 [ 0.41 -0.04 -0.63  0.75  0.1 ] [ 0.    0.52  0.    0.    0.47  0.01  0.  ]
2 [-0.39  0.5  -0.94  0.25  0.84] [ 1.  0.  0.  0.  0.  0.  0.]
3 [ 0.5  -0.7  -0.9   0.81  0.14] [ 0.    0.43  0.    0.    0.57  0.    0.  ]
4 [-0.42 -0.26 -0.98 -0.66  0.8 ] [ 0.    0.    0.48  0.52  0.    0.    0.  ]
4 [-0.29 -0.69 -0.99 -0.84 -0.12] [ 0.    0.    0.44  0.53  0.    0.    0.03]
5 [-0.7  -0.47 -0.03 -0.92  0.66] [ 0.    0.    0.58  0.42  0.    0.    0.  ]
6 [ 0.03 -0.34 -0.34 -0.35 -0.58] [ 0.    0.    0.    0.    0.    0.    0.99]
9 [-0.63 -0.19  0.23  0.74 -0.13] [ 0.01  0.93  0.01  0.    0.04  0.01  0.  ]
18 [-0.47  0.05 -0.3   0.18 -0.83] [ 0.  0.  0.  0.  0.  0.  1.]
epoch: 22000
error: 0.0010
final: 0.0010
-----
state =  0 1 2 3 4 5 8 7 5 6 9 18
symbol= BTBTXXVPSETE
label = 010133542616
true probabilities:
     B    T    S    X    P    V    E
1 [ 0.   0.5  0.   0.   0.5  0.   0. ]
2 [ 1.  0.  0.  0.  0.  0.  0.]
3 [ 0.   0.5  0.   0.   0.5  0.   0. ]
4 [ 0.   0.   0.5  0.5  0.   0.   0. ]
5 [ 0.   0.   0.5  0.5  0.   0.   0. ]
8 [ 0.   0.5  0.   0.   0.   0.5  0. ]
7 [ 0.   0.   0.   0.   0.5  0.5  0. ]
5 [ 0.   0.   0.5  0.5  0.   0.   0. ]
6 [ 0.  0.  0.  0.  0.  0.  1.]
9 [ 0.  1.  0.  0.  0.  0.  0.]
18 [ 0.  0.  0.  0.  0.  0.  1.]
hidden activations and output probabilities [BTSXPVE]:
1 [ 0.39 -0.01 -0.64  0.75  0.11] [ 0.    0.55  0.    0.    0.44  0.01  0.  ]
2 [-0.39  0.5  -0.94  0.34  0.83] [ 1.  0.  0.  0.  0.  0.  0.]
3 [ 0.44 -0.69 -0.9   0.83  0.14] [ 0.    0.49  0.    0.    0.51  0.    0.  ]
4 [-0.44 -0.21 -0.98 -0.63  0.78] [ 0.    0.    0.42  0.57  0.    0.    0.  ]
5 [-0.56 -0.61 -0.28 -0.59  0.74] [ 0.    0.02  0.51  0.47  0.    0.    0.  ]
8 [ 0.   -0.54  0.67 -0.12  0.87] [ 0.    0.54  0.03  0.02  0.01  0.4   0.  ]
7 [ 0.7  -0.41  0.82 -0.06 -0.11] [ 0.    0.03  0.    0.    0.48  0.46  0.02]
5 [ 0.06 -0.15  0.05 -0.98  0.6 ] [ 0.    0.01  0.47  0.49  0.    0.03  0.  ]
6 [-0.05 -0.32  0.55 -0.78 -0.45] [ 0.  0.  0.  0.  0.  0.  1.]
9 [-0.26 -0.28  0.04  0.72 -0.08] [ 0.    0.85  0.    0.    0.13  0.01  0.  ]
18 [-0.47  0.14  0.38  0.32 -0.72] [ 0.  0.  0.  0.  0.  0.  1.]
epoch: 23000
error: 0.0008
final: 0.0057
-----
state =  0 1 2 3 4 4 4 4 5 6 9 18
symbol= BTBTSSSXSETE
label = 010122232616
true probabilities:
     B    T    S    X    P    V    E
1 [ 0.   0.5  0.   0.   0.5  0.   0. ]
2 [ 1.  0.  0.  0.  0.  0.  0.]
3 [ 0.   0.5  0.   0.   0.5  0.   0. ]
4 [ 0.   0.   0.5  0.5  0.   0.   0. ]
4 [ 0.   0.   0.5  0.5  0.   0.   0. ]
4 [ 0.   0.   0.5  0.5  0.   0.   0. ]
4 [ 0.   0.   0.5  0.5  0.   0.   0. ]
5 [ 0.   0.   0.5  0.5  0.   0.   0. ]
6 [ 0.  0.  0.  0.  0.  0.  1.]
9 [ 0.  1.  0.  0.  0.  0.  0.]
18 [ 0.  0.  0.  0.  0.  0.  1.]
hidden activations and output probabilities [BTSXPVE]:
1 [ 0.41 -0.02 -0.65  0.75  0.11] [ 0.    0.54  0.    0.    0.45  0.01  0.  ]
2 [-0.39  0.5  -0.95  0.32  0.84] [ 1.  0.  0.  0.  0.  0.  0.]
3 [ 0.45 -0.69 -0.9   0.83  0.13] [ 0.    0.47  0.    0.    0.52  0.    0.  ]
4 [-0.44 -0.17 -0.98 -0.63  0.79] [ 0.    0.    0.46  0.53  0.    0.    0.  ]
4 [-0.26 -0.61 -0.99 -0.76 -0.07] [ 0.    0.    0.43  0.55  0.    0.    0.02]
4 [-0.41 -0.62 -0.99 -0.94  0.02] [ 0.    0.    0.44  0.55  0.    0.    0.01]
4 [-0.39 -0.63 -0.99 -0.97  0.11] [ 0.    0.    0.45  0.55  0.    0.    0.  ]
5 [-0.67 -0.55 -0.16 -0.87  0.7 ] [ 0.    0.    0.56  0.44  0.    0.    0.  ]
6 [ 0.02 -0.43 -0.53 -0.5  -0.52] [ 0.    0.    0.01  0.02  0.    0.    0.97]
9 [-0.7  -0.41  0.33  0.74 -0.17] [ 0.    0.95  0.    0.    0.03  0.    0.01]
18 [-0.5  -0.01 -0.3   0.12 -0.84] [ 0.  0.  0.  0.  0.  0.  1.]
epoch: 24000
error: 0.0007
final: 0.0005
-----
state =  0 1 10 11 16 16 15 14 17 18
symbol= BPBPTVVEPE
label = 0404155646
true probabilities:
     B    T    S    X    P    V    E
1 [ 0.   0.5  0.   0.   0.5  0.   0. ]
10 [ 1.  0.  0.  0.  0.  0.  0.]
11 [ 0.   0.5  0.   0.   0.5  0.   0. ]
16 [ 0.   0.5  0.   0.   0.   0.5  0. ]
16 [ 0.   0.5  0.   0.   0.   0.5  0. ]
15 [ 0.   0.   0.   0.   0.5  0.5  0. ]
14 [ 0.  0.  0.  0.  0.  0.  1.]
17 [ 0.  0.  0.  0.  1.  0.  0.]
18 [ 0.  0.  0.  0.  0.  0.  1.]
hidden activations and output probabilities [BTSXPVE]:
1 [ 0.42 -0.02 -0.65  0.75  0.11] [ 0.    0.52  0.    0.    0.47  0.01  0.  ]
10 [ 0.2   0.57  0.2   0.72  0.93] [ 1.  0.  0.  0.  0.  0.  0.]
11 [ 0.76 -0.67 -0.69  0.85  0.44] [ 0.    0.5   0.    0.    0.49  0.    0.  ]
16 [ 0.32 -0.8   0.7  -0.01  0.93] [ 0.    0.46  0.01  0.    0.01  0.51  0.  ]
16 [ 0.2  -0.83  0.85 -0.02  0.94] [ 0.    0.45  0.01  0.    0.01  0.54  0.  ]
15 [ 0.98 -0.76  0.85 -0.05  0.21] [ 0.    0.03  0.    0.    0.36  0.61  0.  ]
14 [ 0.98 -0.81  0.49 -0.71 -0.62] [ 0.    0.    0.    0.    0.01  0.    0.98]
17 [ 0.81 -0.87  0.04  0.55 -0.45] [ 0.    0.01  0.    0.    0.99  0.    0.  ]
18 [ 0.22 -0.38  0.49 -0.47 -0.66] [ 0.  0.  0.  0.  0.  0.  1.]
epoch: 25000
error: 0.0013
final: 0.0000
-----
state =  0 1 10 11 12 12 12 13 16 16 15 14 17 18
symbol= BPBTSSXXTVVEPE
label = 04012233155646
true probabilities:
     B    T    S    X    P    V    E
1 [ 0.   0.5  0.   0.   0.5  0.   0. ]
10 [ 1.  0.  0.  0.  0.  0.  0.]
11 [ 0.   0.5  0.   0.   0.5  0.   0. ]
12 [ 0.   0.   0.5  0.5  0.   0.   0. ]
12 [ 0.   0.   0.5  0.5  0.   0.   0. ]
12 [ 0.   0.   0.5  0.5  0.   0.   0. ]
13 [ 0.   0.   0.5  0.5  0.   0.   0. ]
16 [ 0.   0.5  0.   0.   0.   0.5  0. ]
16 [ 0.   0.5  0.   0.   0.   0.5  0. ]
15 [ 0.   0.   0.   0.   0.5  0.5  0. ]
14 [ 0.  0.  0.  0.  0.  0.  1.]
17 [ 0.  0.  0.  0.  1.  0.  0.]
18 [ 0.  0.  0.  0.  0.  0.  1.]
hidden activations and output probabilities [BTSXPVE]:
1 [ 0.44 -0.03 -0.66  0.75  0.1 ] [ 0.    0.49  0.    0.    0.5   0.01  0.  ]
10 [ 0.21  0.57  0.27  0.72  0.93] [ 1.  0.  0.  0.  0.  0.  0.]
11 [ 0.74 -0.67 -0.67  0.84  0.44] [ 0.   0.5  0.   0.   0.5  0.   0. ]
12 [ 0.23 -0.79 -0.89 -0.71  0.86] [ 0.    0.01  0.44  0.55  0.    0.    0.  ]
12 [-0.22 -0.95 -0.91 -0.93  0.21] [ 0.    0.    0.44  0.56  0.    0.    0.  ]
12 [-0.34 -0.96 -0.94 -0.98  0.17] [ 0.    0.    0.44  0.56  0.    0.    0.  ]
13 [-0.66 -0.95  0.39 -0.86  0.76] [ 0.    0.01  0.59  0.39  0.    0.    0.  ]
16 [ 0.27 -0.87  0.77 -0.01  0.91] [ 0.    0.45  0.01  0.    0.01  0.53  0.  ]
16 [ 0.14 -0.88  0.88 -0.01  0.92] [ 0.    0.48  0.01  0.    0.01  0.51  0.  ]
15 [ 0.94 -0.82  0.87 -0.04  0.09] [ 0.    0.02  0.    0.    0.49  0.49  0.  ]
14 [ 0.91 -0.84  0.49 -0.74 -0.69] [ 0.  0.  0.  0.  0.  0.  1.]
17 [ 0.41 -0.89  0.05  0.6  -0.44] [ 0.    0.05  0.    0.    0.94  0.    0.  ]
18 [ 0.22 -0.43  0.6  -0.4  -0.73] [ 0.  0.  0.  0.  0.  0.  1.]
epoch: 26000
error: 0.0009
final: 0.0008
-----
state =  0 1 2 3 8 7 5 8 7 6 9 18
symbol= BTBPVPXVVETE
label = 010454355616
true probabilities:
     B    T    S    X    P    V    E
1 [ 0.   0.5  0.   0.   0.5  0.   0. ]
2 [ 1.  0.  0.  0.  0.  0.  0.]
3 [ 0.   0.5  0.   0.   0.5  0.   0. ]
8 [ 0.   0.5  0.   0.   0.   0.5  0. ]
7 [ 0.   0.   0.   0.   0.5  0.5  0. ]
5 [ 0.   0.   0.5  0.5  0.   0.   0. ]
8 [ 0.   0.5  0.   0.   0.   0.5  0. ]
7 [ 0.   0.   0.   0.   0.5  0.5  0. ]
6 [ 0.  0.  0.  0.  0.  0.  1.]
9 [ 0.  1.  0.  0.  0.  0.  0.]
18 [ 0.  0.  0.  0.  0.  0.  1.]
hidden activations and output probabilities [BTSXPVE]:
1 [ 0.44 -0.02 -0.66  0.75  0.1 ] [ 0.    0.49  0.    0.    0.5   0.01  0.  ]
2 [-0.36  0.49 -0.95  0.29  0.84] [ 1.  0.  0.  0.  0.  0.  0.]
3 [ 0.44 -0.69 -0.9   0.82  0.13] [ 0.    0.46  0.    0.    0.54  0.    0.  ]
8 [ 0.23 -0.21  0.64  0.05  0.88] [ 0.    0.44  0.01  0.    0.01  0.54  0.  ]
7 [ 0.86 -0.26  0.81 -0.11 -0.11] [ 0.    0.01  0.    0.    0.46  0.52  0.01]
5 [ 0.05 -0.11  0.05 -0.91  0.62] [ 0.    0.01  0.52  0.44  0.    0.03  0.  ]
8 [-0.01 -0.25  0.76 -0.14  0.86] [ 0.    0.4   0.02  0.01  0.    0.56  0.  ]
7 [ 0.69 -0.15  0.82 -0.04 -0.1 ] [ 0.    0.03  0.    0.    0.38  0.58  0.01]
6 [ 0.37 -0.05  0.4  -0.74 -0.76] [ 0.  0.  0.  0.  0.  0.  1.]
9 [-0.54 -0.06  0.06  0.74 -0.06] [ 0.01  0.96  0.    0.    0.03  0.    0.  ]
18 [-0.51  0.06  0.79  0.31 -0.83] [ 0.  0.  0.  0.  0.  0.  1.]
epoch: 27000
error: 0.0012
final: 0.0004
-----
state =  0 1 10 11 12 12 13 14 17 18
symbol= BPBTSXSEPE
label = 0401232646
true probabilities:
     B    T    S    X    P    V    E
1 [ 0.   0.5  0.   0.   0.5  0.   0. ]
10 [ 1.  0.  0.  0.  0.  0.  0.]
11 [ 0.   0.5  0.   0.   0.5  0.   0. ]
12 [ 0.   0.   0.5  0.5  0.   0.   0. ]
12 [ 0.   0.   0.5  0.5  0.   0.   0. ]
13 [ 0.   0.   0.5  0.5  0.   0.   0. ]
14 [ 0.  0.  0.  0.  0.  0.  1.]
17 [ 0.  0.  0.  0.  1.  0.  0.]
18 [ 0.  0.  0.  0.  0.  0.  1.]
hidden activations and output probabilities [BTSXPVE]:
1 [ 0.42 -0.02 -0.66  0.75  0.1 ] [ 0.    0.55  0.    0.    0.44  0.01  0.  ]
10 [ 0.2   0.58  0.25  0.74  0.93] [ 1.  0.  0.  0.  0.  0.  0.]
11 [ 0.74 -0.66 -0.68  0.85  0.43] [ 0.    0.53  0.    0.    0.46  0.    0.  ]
12 [ 0.23 -0.79 -0.89 -0.71  0.86] [ 0.    0.01  0.47  0.52  0.    0.    0.  ]
12 [-0.2  -0.94 -0.91 -0.93  0.23] [ 0.    0.    0.46  0.54  0.    0.    0.  ]
13 [-0.64 -0.95  0.46 -0.88  0.78] [ 0.    0.01  0.62  0.36  0.    0.01  0.  ]
14 [ 0.05 -0.87  0.76 -0.1  -0.66] [ 0.  0.  0.  0.  0.  0.  1.]
17 [ 0.68 -0.85  0.21  0.73 -0.47] [ 0.    0.02  0.    0.    0.98  0.    0.  ]
18 [ 0.19 -0.41  0.52 -0.27 -0.74] [ 0.  0.  0.  0.  0.  0.  1.]
epoch: 28000
error: 0.0016
final: 0.0001
-----
state =  0 1 10 11 16 15 13 16 15 14 17 18
symbol= BPBPVPXVVEPE
label = 040454355646
true probabilities:
     B    T    S    X    P    V    E
1 [ 0.   0.5  0.   0.   0.5  0.   0. ]
10 [ 1.  0.  0.  0.  0.  0.  0.]
11 [ 0.   0.5  0.   0.   0.5  0.   0. ]
16 [ 0.   0.5  0.   0.   0.   0.5  0. ]
15 [ 0.   0.   0.   0.   0.5  0.5  0. ]
13 [ 0.   0.   0.5  0.5  0.   0.   0. ]
16 [ 0.   0.5  0.   0.   0.   0.5  0. ]
15 [ 0.   0.   0.   0.   0.5  0.5  0. ]
14 [ 0.  0.  0.  0.  0.  0.  1.]
17 [ 0.  0.  0.  0.  1.  0.  0.]
18 [ 0.  0.  0.  0.  0.  0.  1.]
hidden activations and output probabilities [BTSXPVE]:
1 [ 0.44 -0.02 -0.67  0.75  0.1 ] [ 0.    0.51  0.    0.    0.48  0.01  0.  ]
10 [ 0.21  0.59  0.25  0.73  0.93] [ 1.  0.  0.  0.  0.  0.  0.]
11 [ 0.75 -0.67 -0.69  0.85  0.42] [ 0.    0.48  0.    0.    0.51  0.    0.  ]
16 [ 0.32 -0.79  0.71 -0.01  0.93] [ 0.    0.44  0.01  0.    0.01  0.54  0.  ]
15 [ 0.98 -0.79  0.84 -0.1   0.12] [ 0.    0.01  0.    0.    0.46  0.52  0.  ]
13 [ 0.04 -0.91  0.09 -0.92  0.75] [ 0.    0.01  0.59  0.38  0.    0.02  0.  ]
16 [ 0.33 -0.93  0.83 -0.1   0.92] [ 0.    0.32  0.01  0.    0.01  0.66  0.  ]
15 [ 0.94 -0.9   0.84 -0.08  0.13] [ 0.    0.02  0.    0.    0.5   0.48  0.  ]
14 [ 0.93 -0.91  0.53 -0.76 -0.67] [ 0.  0.  0.  0.  0.  0.  1.]
17 [ 0.48 -0.95  0.06  0.54 -0.52] [ 0.    0.02  0.    0.    0.97  0.    0.01]
18 [ 0.21 -0.75  0.58 -0.48 -0.7 ] [ 0.  0.  0.  0.  0.  0.  1.]
epoch: 29000
error: 0.0022
final: 0.0003
-----
state =  0 1 2 3 8 7 6 9 18
symbol= BTBPVVETE
label = 010455616
true probabilities:
     B    T    S    X    P    V    E
1 [ 0.   0.5  0.   0.   0.5  0.   0. ]
2 [ 1.  0.  0.  0.  0.  0.  0.]
3 [ 0.   0.5  0.   0.   0.5  0.   0. ]
8 [ 0.   0.5  0.   0.   0.   0.5  0. ]
7 [ 0.   0.   0.   0.   0.5  0.5  0. ]
6 [ 0.  0.  0.  0.  0.  0.  1.]
9 [ 0.  1.  0.  0.  0.  0.  0.]
18 [ 0.  0.  0.  0.  0.  0.  1.]
hidden activations and output probabilities [BTSXPVE]:
1 [ 0.46 -0.01 -0.68  0.75  0.1 ] [ 0.    0.46  0.    0.    0.53  0.    0.  ]
2 [-0.35  0.53 -0.95  0.31  0.84] [ 1.  0.  0.  0.  0.  0.  0.]
3 [ 0.43 -0.68 -0.9   0.83  0.11] [ 0.    0.44  0.    0.    0.56  0.    0.  ]
8 [ 0.23 -0.08  0.62  0.07  0.88] [ 0.    0.45  0.01  0.    0.01  0.53  0.  ]
7 [ 0.84 -0.2   0.81 -0.14 -0.12] [ 0.    0.01  0.    0.    0.43  0.55  0.01]
6 [ 0.53 -0.11  0.34 -0.78 -0.76] [ 0.  0.  0.  0.  0.  0.  1.]
9 [-0.53 -0.16  0.08  0.74 -0.09] [ 0.    0.96  0.    0.    0.03  0.    0.  ]
18 [-0.53  0.06  0.64  0.33 -0.83] [ 0.  0.  0.  0.  0.  0.  1.]
epoch: 30000
error: 0.0009
final: 0.0003
-----
state =  0 1 10 11 12 13 16 16 16 16 15 14 17 18
symbol= BPBTXXTTTVVEPE
label = 04013311155646
true probabilities:
     B    T    S    X    P    V    E
1 [ 0.   0.5  0.   0.   0.5  0.   0. ]
10 [ 1.  0.  0.  0.  0.  0.  0.]
11 [ 0.   0.5  0.   0.   0.5  0.   0. ]
12 [ 0.   0.   0.5  0.5  0.   0.   0. ]
13 [ 0.   0.   0.5  0.5  0.   0.   0. ]
16 [ 0.   0.5  0.   0.   0.   0.5  0. ]
16 [ 0.   0.5  0.   0.   0.   0.5  0. ]
16 [ 0.   0.5  0.   0.   0.   0.5  0. ]
16 [ 0.   0.5  0.   0.   0.   0.5  0. ]
15 [ 0.   0.   0.   0.   0.5  0.5  0. ]
14 [ 0.  0.  0.  0.  0.  0.  1.]
17 [ 0.  0.  0.  0.  1.  0.  0.]
18 [ 0.  0.  0.  0.  0.  0.  1.]
hidden activations and output probabilities [BTSXPVE]:
1 [ 0.46 -0.03 -0.68  0.75  0.1 ] [ 0.    0.46  0.    0.    0.53  0.    0.  ]
10 [ 0.19  0.58  0.22  0.73  0.93] [ 1.  0.  0.  0.  0.  0.  0.]
11 [ 0.74 -0.66 -0.7   0.85  0.43] [ 0.    0.49  0.    0.    0.51  0.    0.  ]
12 [ 0.21 -0.79 -0.91 -0.71  0.86] [ 0.    0.01  0.45  0.54  0.    0.    0.  ]
13 [-0.51 -0.94  0.41 -0.87  0.89] [ 0.    0.02  0.57  0.4   0.    0.01  0.  ]
16 [ 0.24 -0.87  0.79 -0.01  0.94] [ 0.    0.48  0.    0.    0.01  0.51  0.  ]
16 [ 0.13 -0.87  0.89 -0.01  0.94] [ 0.    0.48  0.    0.    0.    0.51  0.  ]
16 [ 0.15 -0.84  0.9  -0.01  0.93] [ 0.    0.46  0.    0.    0.    0.52  0.  ]
16 [ 0.15 -0.83  0.9  -0.01  0.92] [ 0.    0.45  0.    0.    0.01  0.53  0.  ]
15 [ 0.98 -0.77  0.89 -0.05  0.1 ] [ 0.    0.01  0.    0.    0.45  0.53  0.  ]
14 [ 0.98 -0.79  0.51 -0.76 -0.69] [ 0.  0.  0.  0.  0.  0.  1.]
17 [ 0.83 -0.88  0.07  0.61 -0.49] [ 0.    0.01  0.    0.    0.99  0.    0.  ]
18 [ 0.21 -0.46  0.54 -0.42 -0.71] [ 0.  0.  0.  0.  0.  0.  1.]
epoch: 31000
error: 0.0005
final: 0.0000
-----
state =  0 1 10 11 12 13 14 17 18
symbol= BPBTXSEPE
label = 040132646
true probabilities:
     B    T    S    X    P    V    E
1 [ 0.   0.5  0.   0.   0.5  0.   0. ]
10 [ 1.  0.  0.  0.  0.  0.  0.]
11 [ 0.   0.5  0.   0.   0.5  0.   0. ]
12 [ 0.   0.   0.5  0.5  0.   0.   0. ]
13 [ 0.   0.   0.5  0.5  0.   0.   0. ]
14 [ 0.  0.  0.  0.  0.  0.  1.]
17 [ 0.  0.  0.  0.  1.  0.  0.]
18 [ 0.  0.  0.  0.  0.  0.  1.]
hidden activations and output probabilities [BTSXPVE]:
1 [ 0.45 -0.01 -0.68  0.75  0.1 ] [ 0.    0.5   0.    0.    0.49  0.    0.  ]
10 [ 0.18  0.58  0.19  0.77  0.93] [ 1.  0.  0.  0.  0.  0.  0.]
11 [ 0.74 -0.67 -0.71  0.86  0.42] [ 0.    0.49  0.    0.    0.51  0.    0.  ]
12 [ 0.2  -0.8  -0.9  -0.71  0.85] [ 0.    0.01  0.45  0.54  0.    0.    0.  ]
13 [-0.51 -0.94  0.41 -0.86  0.89] [ 0.    0.02  0.57  0.4   0.    0.01  0.  ]
14 [ 0.05 -0.88  0.78 -0.16 -0.64] [ 0.  0.  0.  0.  0.  0.  1.]
17 [ 0.75 -0.85  0.25  0.71 -0.51] [ 0.    0.01  0.    0.    0.99  0.    0.  ]
18 [ 0.18 -0.45  0.5  -0.27 -0.72] [ 0.  0.  0.  0.  0.  0.  1.]
epoch: 32000
error: 0.0009
final: 0.0000
-----
state =  0 1 10 11 12 13 16 16 16 16 16 16 15 14 17 18
symbol= BPBTXXTTTTTVVEPE
label = 0401331111155646
true probabilities:
     B    T    S    X    P    V    E
1 [ 0.   0.5  0.   0.   0.5  0.   0. ]
10 [ 1.  0.  0.  0.  0.  0.  0.]
11 [ 0.   0.5  0.   0.   0.5  0.   0. ]
12 [ 0.   0.   0.5  0.5  0.   0.   0. ]
13 [ 0.   0.   0.5  0.5  0.   0.   0. ]
16 [ 0.   0.5  0.   0.   0.   0.5  0. ]
16 [ 0.   0.5  0.   0.   0.   0.5  0. ]
16 [ 0.   0.5  0.   0.   0.   0.5  0. ]
16 [ 0.   0.5  0.   0.   0.   0.5  0. ]
16 [ 0.   0.5  0.   0.   0.   0.5  0. ]
16 [ 0.   0.5  0.   0.   0.   0.5  0. ]
15 [ 0.   0.   0.   0.   0.5  0.5  0. ]
14 [ 0.  0.  0.  0.  0.  0.  1.]
17 [ 0.  0.  0.  0.  1.  0.  0.]
18 [ 0.  0.  0.  0.  0.  0.  1.]
hidden activations and output probabilities [BTSXPVE]:
1 [ 0.45 -0.01 -0.69  0.75  0.09] [ 0.    0.49  0.    0.    0.51  0.    0.  ]
10 [ 0.19  0.6   0.17  0.76  0.93] [ 1.  0.  0.  0.  0.  0.  0.]
11 [ 0.75 -0.66 -0.71  0.86  0.4 ] [ 0.    0.45  0.    0.    0.55  0.    0.  ]
12 [ 0.21 -0.74 -0.91 -0.71  0.85] [ 0.    0.01  0.47  0.52  0.    0.    0.  ]
13 [-0.51 -0.93  0.38 -0.87  0.88] [ 0.    0.02  0.6   0.37  0.    0.01  0.  ]
16 [ 0.24 -0.86  0.8  -0.    0.94] [ 0.    0.46  0.    0.    0.01  0.52  0.  ]
16 [ 0.14 -0.86  0.9  -0.01  0.94] [ 0.    0.47  0.    0.    0.    0.52  0.  ]
16 [ 0.15 -0.84  0.91 -0.    0.92] [ 0.    0.45  0.    0.    0.    0.54  0.  ]
16 [ 0.16 -0.83  0.9  -0.    0.91] [ 0.    0.44  0.    0.    0.01  0.55  0.  ]
16 [ 0.16 -0.82  0.9  -0.01  0.9 ] [ 0.    0.44  0.    0.    0.01  0.55  0.  ]
16 [ 0.16 -0.81  0.9  -0.01  0.89] [ 0.    0.43  0.    0.    0.01  0.56  0.  ]
15 [ 0.99 -0.76  0.9  -0.05 -0.02] [ 0.    0.01  0.    0.    0.58  0.41  0.  ]
14 [ 0.99 -0.76  0.49 -0.8  -0.74] [ 0.  0.  0.  0.  0.  0.  1.]
17 [ 0.92 -0.86  0.08  0.62 -0.45] [ 0.    0.    0.    0.    0.99  0.    0.  ]
18 [ 0.2  -0.42  0.56 -0.41 -0.75] [ 0.  0.  0.  0.  0.  0.  1.]
epoch: 33000
error: 0.0011
final: 0.0000
-----
state =  0 1 2 3 8 7 5 8 7 5 6 9 18
symbol= BTBPVPXVPSETE
label = 0104543542616
true probabilities:
     B    T    S    X    P    V    E
1 [ 0.   0.5  0.   0.   0.5  0.   0. ]
2 [ 1.  0.  0.  0.  0.  0.  0.]
3 [ 0.   0.5  0.   0.   0.5  0.   0. ]
8 [ 0.   0.5  0.   0.   0.   0.5  0. ]
7 [ 0.   0.   0.   0.   0.5  0.5  0. ]
5 [ 0.   0.   0.5  0.5  0.   0.   0. ]
8 [ 0.   0.5  0.   0.   0.   0.5  0. ]
7 [ 0.   0.   0.   0.   0.5  0.5  0. ]
5 [ 0.   0.   0.5  0.5  0.   0.   0. ]
6 [ 0.  0.  0.  0.  0.  0.  1.]
9 [ 0.  1.  0.  0.  0.  0.  0.]
18 [ 0.  0.  0.  0.  0.  0.  1.]
hidden activations and output probabilities [BTSXPVE]:
1 [ 0.46 -0.03 -0.69  0.75  0.09] [ 0.    0.49  0.    0.    0.5   0.    0.  ]
2 [-0.35  0.52 -0.95  0.32  0.85] [ 1.  0.  0.  0.  0.  0.  0.]
3 [ 0.43 -0.68 -0.9   0.82  0.11] [ 0.    0.47  0.    0.    0.53  0.    0.  ]
8 [ 0.25 -0.15  0.65  0.04  0.88] [ 0.    0.43  0.    0.    0.01  0.55  0.  ]
7 [ 0.85 -0.23  0.82 -0.14 -0.11] [ 0.    0.01  0.    0.    0.44  0.55  0.  ]
5 [ 0.04 -0.14  0.06 -0.91  0.64] [ 0.    0.01  0.55  0.42  0.    0.02  0.  ]
8 [-0.07 -0.24  0.77 -0.12  0.86] [ 0.    0.49  0.02  0.01  0.    0.47  0.  ]
7 [ 0.63 -0.12  0.84 -0.04 -0.11] [ 0.    0.03  0.    0.    0.35  0.62  0.01]
5 [ 0.04  0.05  0.07 -0.98  0.6 ] [ 0.    0.    0.55  0.42  0.    0.02  0.  ]
6 [-0.02 -0.09 -0.02 -0.86 -0.45] [ 0.  0.  0.  0.  0.  0.  1.]
9 [-0.68 -0.14  0.26  0.73 -0.07] [ 0.    0.98  0.    0.    0.01  0.    0.  ]
18 [-0.51  0.02 -0.08  0.16 -0.74] [ 0.  0.  0.  0.  0.  0.  1.]
epoch: 34000
error: 0.0015
final: 0.0001
-----
state =  0 1 2 3 4 5 6 9 18
symbol= BTBTXSETE
label = 010132616
true probabilities:
     B    T    S    X    P    V    E
1 [ 0.   0.5  0.   0.   0.5  0.   0. ]
2 [ 1.  0.  0.  0.  0.  0.  0.]
3 [ 0.   0.5  0.   0.   0.5  0.   0. ]
4 [ 0.   0.   0.5  0.5  0.   0.   0. ]
5 [ 0.   0.   0.5  0.5  0.   0.   0. ]
6 [ 0.  0.  0.  0.  0.  0.  1.]
9 [ 0.  1.  0.  0.  0.  0.  0.]
18 [ 0.  0.  0.  0.  0.  0.  1.]
hidden activations and output probabilities [BTSXPVE]:
1 [ 0.45 -0.02 -0.69  0.75  0.1 ] [ 0.    0.53  0.    0.    0.47  0.    0.  ]
2 [-0.35  0.52 -0.95  0.34  0.84] [ 1.  0.  0.  0.  0.  0.  0.]
3 [ 0.44 -0.68 -0.89  0.83  0.12] [ 0.    0.49  0.    0.    0.51  0.    0.  ]
4 [-0.43 -0.17 -0.97 -0.64  0.8 ] [ 0.    0.    0.48  0.51  0.    0.    0.  ]
5 [-0.51 -0.49 -0.02 -0.72  0.71] [ 0.    0.01  0.57  0.42  0.    0.    0.  ]
6 [ 0.05 -0.37 -0.38 -0.69 -0.57] [ 0.  0.  0.  0.  0.  0.  1.]
9 [-0.71 -0.45  0.43  0.74 -0.13] [ 0.    0.98  0.    0.    0.01  0.    0.  ]
18 [-0.47 -0.04  0.1   0.07 -0.86] [ 0.  0.  0.  0.  0.  0.  1.]
epoch: 35000
error: 0.0006
final: 0.0001
-----
state =  0 1 2 3 4 4 5 6 9 18
symbol= BTBTSXSETE
label = 0101232616
true probabilities:
     B    T    S    X    P    V    E
1 [ 0.   0.5  0.   0.   0.5  0.   0. ]
2 [ 1.  0.  0.  0.  0.  0.  0.]
3 [ 0.   0.5  0.   0.   0.5  0.   0. ]
4 [ 0.   0.   0.5  0.5  0.   0.   0. ]
4 [ 0.   0.   0.5  0.5  0.   0.   0. ]
5 [ 0.   0.   0.5  0.5  0.   0.   0. ]
6 [ 0.  0.  0.  0.  0.  0.  1.]
9 [ 0.  1.  0.  0.  0.  0.  0.]
18 [ 0.  0.  0.  0.  0.  0.  1.]
hidden activations and output probabilities [BTSXPVE]:
1 [ 0.45 -0.02 -0.69  0.75  0.09] [ 0.    0.53  0.    0.    0.46  0.    0.  ]
2 [-0.35  0.51 -0.95  0.38  0.84] [ 1.  0.  0.  0.  0.  0.  0.]
3 [ 0.4  -0.68 -0.89  0.83  0.13] [ 0.    0.56  0.    0.    0.44  0.    0.  ]
4 [-0.46 -0.19 -0.97 -0.61  0.8 ] [ 0.    0.    0.49  0.51  0.    0.    0.  ]
4 [-0.24 -0.5  -0.99 -0.83  0.05] [ 0.    0.    0.46  0.54  0.    0.    0.01]
5 [-0.62 -0.35  0.14 -0.93  0.67] [ 0.   0.   0.6  0.4  0.   0.   0. ]
6 [ 0.05 -0.19 -0.22 -0.43 -0.57] [ 0.  0.  0.  0.  0.  0.  1.]
9 [-0.65 -0.21  0.41  0.74 -0.14] [ 0.    0.98  0.    0.    0.01  0.    0.  ]
18 [-0.46  0.   -0.12  0.11 -0.84] [ 0.  0.  0.  0.  0.  0.  1.]
epoch: 36000
error: 0.0011
final: 0.0001
-----
state =  0 1 10 11 12 13 16 15 14 17 18
symbol= BPBTXXVVEPE
label = 04013355646
true probabilities:
     B    T    S    X    P    V    E
1 [ 0.   0.5  0.   0.   0.5  0.   0. ]
10 [ 1.  0.  0.  0.  0.  0.  0.]
11 [ 0.   0.5  0.   0.   0.5  0.   0. ]
12 [ 0.   0.   0.5  0.5  0.   0.   0. ]
13 [ 0.   0.   0.5  0.5  0.   0.   0. ]
16 [ 0.   0.5  0.   0.   0.   0.5  0. ]
15 [ 0.   0.   0.   0.   0.5  0.5  0. ]
14 [ 0.  0.  0.  0.  0.  0.  1.]
17 [ 0.  0.  0.  0.  1.  0.  0.]
18 [ 0.  0.  0.  0.  0.  0.  1.]
hidden activations and output probabilities [BTSXPVE]:
1 [ 0.47 -0.03 -0.7   0.75  0.09] [ 0.    0.47  0.    0.    0.52  0.    0.  ]
10 [ 0.19  0.58  0.18  0.76  0.93] [ 1.  0.  0.  0.  0.  0.  0.]
11 [ 0.75 -0.67 -0.71  0.85  0.41] [ 0.    0.48  0.    0.    0.52  0.    0.  ]
12 [ 0.23 -0.79 -0.91 -0.71  0.86] [ 0.    0.01  0.42  0.58  0.    0.    0.  ]
13 [-0.47 -0.94  0.33 -0.88  0.89] [ 0.    0.01  0.55  0.43  0.    0.    0.  ]
16 [ 0.2  -0.89  0.8  -0.01  0.94] [ 0.    0.52  0.    0.    0.01  0.47  0.  ]
15 [ 0.92 -0.85  0.9  -0.09  0.17] [ 0.    0.02  0.    0.    0.35  0.63  0.  ]
14 [ 0.92 -0.87  0.6  -0.72 -0.66] [ 0.  0.  0.  0.  0.  0.  1.]
17 [ 0.51 -0.94  0.11  0.55 -0.57] [ 0.    0.01  0.    0.    0.98  0.    0.01]
18 [ 0.19 -0.75  0.59 -0.44 -0.68] [ 0.  0.  0.  0.  0.  0.  1.]
epoch: 37000
error: 0.0018
final: 0.0001
-----
state =  0 1 2 3 8 7 5 8 7 6 9 18
symbol= BTBPVPXVVETE
label = 010454355616
true probabilities:
     B    T    S    X    P    V    E
1 [ 0.   0.5  0.   0.   0.5  0.   0. ]
2 [ 1.  0.  0.  0.  0.  0.  0.]
3 [ 0.   0.5  0.   0.   0.5  0.   0. ]
8 [ 0.   0.5  0.   0.   0.   0.5  0. ]
7 [ 0.   0.   0.   0.   0.5  0.5  0. ]
5 [ 0.   0.   0.5  0.5  0.   0.   0. ]
8 [ 0.   0.5  0.   0.   0.   0.5  0. ]
7 [ 0.   0.   0.   0.   0.5  0.5  0. ]
6 [ 0.  0.  0.  0.  0.  0.  1.]
9 [ 0.  1.  0.  0.  0.  0.  0.]
18 [ 0.  0.  0.  0.  0.  0.  1.]
hidden activations and output probabilities [BTSXPVE]:
1 [ 0.47 -0.01 -0.7   0.75  0.09] [ 0.    0.47  0.    0.    0.52  0.    0.  ]
2 [-0.34  0.54 -0.95  0.38  0.85] [ 1.  0.  0.  0.  0.  0.  0.]
3 [ 0.44 -0.67 -0.9   0.84  0.11] [ 0.    0.45  0.    0.    0.55  0.    0.  ]
8 [ 0.26 -0.11  0.63  0.12  0.88] [ 0.    0.49  0.    0.    0.    0.49  0.  ]
7 [ 0.85 -0.22  0.83 -0.19 -0.13] [ 0.    0.01  0.    0.    0.4   0.58  0.01]
5 [ 0.04 -0.18  0.06 -0.9   0.64] [ 0.    0.01  0.55  0.42  0.    0.02  0.  ]
8 [-0.01 -0.26  0.8  -0.14  0.86] [ 0.    0.42  0.02  0.01  0.    0.55  0.  ]
7 [ 0.7  -0.15  0.84 -0.05 -0.1 ] [ 0.    0.02  0.    0.    0.35  0.62  0.  ]
6 [ 0.41 -0.05  0.44 -0.79 -0.75] [ 0.  0.  0.  0.  0.  0.  1.]
9 [-0.57 -0.09  0.09  0.72 -0.08] [ 0.    0.98  0.    0.    0.01  0.    0.  ]
18 [-0.54  0.04  0.63  0.31 -0.81] [ 0.  0.  0.  0.  0.  0.  1.]
epoch: 38000
error: 0.0019
final: 0.0001
-----
state =  0 1 10 11 16 15 14 17 18
symbol= BPBPVVEPE
label = 040455646
true probabilities:
     B    T    S    X    P    V    E
1 [ 0.   0.5  0.   0.   0.5  0.   0. ]
10 [ 1.  0.  0.  0.  0.  0.  0.]
11 [ 0.   0.5  0.   0.   0.5  0.   0. ]
16 [ 0.   0.5  0.   0.   0.   0.5  0. ]
15 [ 0.   0.   0.   0.   0.5  0.5  0. ]
14 [ 0.  0.  0.  0.  0.  0.  1.]
17 [ 0.  0.  0.  0.  1.  0.  0.]
18 [ 0.  0.  0.  0.  0.  0.  1.]
hidden activations and output probabilities [BTSXPVE]:
1 [ 0.46 -0.01 -0.7   0.75  0.09] [ 0.    0.51  0.    0.    0.48  0.    0.  ]
10 [ 0.19  0.61  0.11  0.76  0.93] [ 1.  0.  0.  0.  0.  0.  0.]
11 [ 0.76 -0.67 -0.73  0.86  0.39] [ 0.    0.49  0.    0.    0.51  0.    0.  ]
16 [ 0.36 -0.77  0.71  0.03  0.93] [ 0.    0.44  0.    0.    0.01  0.55  0.  ]
15 [ 0.98 -0.78  0.87 -0.16  0.1 ] [ 0.    0.01  0.    0.    0.38  0.61  0.  ]
14 [ 0.97 -0.79  0.54 -0.75 -0.68] [ 0.  0.  0.  0.  0.  0.  1.]
17 [ 0.76 -0.89  0.1   0.57 -0.52] [ 0.    0.01  0.    0.    0.99  0.    0.  ]
18 [ 0.2  -0.54  0.56 -0.45 -0.7 ] [ 0.  0.  0.  0.  0.  0.  1.]
epoch: 39000
error: 0.0016
final: 0.0000
-----
state =  0 1 10 11 12 13 16 15 13 16 15 13 16 16 16 15 14 17 18
symbol= BPBTXXVPXVPXTTVVEPE
label = 0401335435431155646
true probabilities:
     B    T    S    X    P    V    E
1 [ 0.   0.5  0.   0.   0.5  0.   0. ]
10 [ 1.  0.  0.  0.  0.  0.  0.]
11 [ 0.   0.5  0.   0.   0.5  0.   0. ]
12 [ 0.   0.   0.5  0.5  0.   0.   0. ]
13 [ 0.   0.   0.5  0.5  0.   0.   0. ]
16 [ 0.   0.5  0.   0.   0.   0.5  0. ]
15 [ 0.   0.   0.   0.   0.5  0.5  0. ]
13 [ 0.   0.   0.5  0.5  0.   0.   0. ]
16 [ 0.   0.5  0.   0.   0.   0.5  0. ]
15 [ 0.   0.   0.   0.   0.5  0.5  0. ]
13 [ 0.   0.   0.5  0.5  0.   0.   0. ]
16 [ 0.   0.5  0.   0.   0.   0.5  0. ]
16 [ 0.   0.5  0.   0.   0.   0.5  0. ]
16 [ 0.   0.5  0.   0.   0.   0.5  0. ]
15 [ 0.   0.   0.   0.   0.5  0.5  0. ]
14 [ 0.  0.  0.  0.  0.  0.  1.]
17 [ 0.  0.  0.  0.  1.  0.  0.]
18 [ 0.  0.  0.  0.  0.  0.  1.]
hidden activations and output probabilities [BTSXPVE]:
1 [ 0.49 -0.03 -0.7   0.75  0.09] [ 0.    0.43  0.    0.    0.56  0.    0.  ]
10 [ 0.2   0.6   0.15  0.75  0.93] [ 1.  0.  0.  0.  0.  0.  0.]
11 [ 0.77 -0.67 -0.72  0.85  0.38] [ 0.    0.41  0.    0.    0.59  0.    0.  ]
12 [ 0.25 -0.78 -0.91 -0.71  0.86] [ 0.    0.01  0.5   0.49  0.    0.    0.  ]
13 [-0.47 -0.94  0.33 -0.89  0.88] [ 0.    0.01  0.62  0.36  0.    0.    0.  ]
16 [ 0.21 -0.9   0.8  -0.01  0.94] [ 0.    0.5   0.    0.    0.    0.49  0.  ]
15 [ 0.92 -0.86  0.9  -0.09  0.11] [ 0.    0.01  0.    0.    0.42  0.57  0.  ]
13 [ 0.03 -0.95  0.15 -0.97  0.75] [ 0.    0.01  0.6   0.39  0.    0.01  0.  ]
16 [ 0.23 -0.95  0.86 -0.06  0.92] [ 0.    0.4   0.    0.    0.01  0.59  0.  ]
15 [ 0.93 -0.9   0.89 -0.07  0.05] [ 0.    0.01  0.    0.    0.52  0.47  0.  ]
13 [ 0.04 -0.97  0.15 -0.98  0.72] [ 0.    0.01  0.6   0.39  0.    0.01  0.  ]
16 [ 0.23 -0.97  0.86 -0.06  0.91] [ 0.    0.4   0.01  0.    0.01  0.58  0.  ]
16 [ 0.14 -0.94  0.91 -0.01  0.92] [ 0.    0.49  0.    0.    0.    0.5   0.  ]
16 [ 0.15 -0.92  0.92 -0.    0.9 ] [ 0.    0.46  0.    0.    0.    0.53  0.  ]
15 [ 0.98 -0.89  0.91 -0.05 -0.03] [ 0.    0.01  0.    0.    0.62  0.38  0.  ]
14 [ 0.98 -0.91  0.56 -0.81 -0.75] [ 0.  0.  0.  0.  0.  0.  1.]
17 [ 0.83 -0.97  0.1   0.44 -0.54] [ 0.  0.  0.  0.  1.  0.  0.]
18 [ 0.19 -0.89  0.54 -0.55 -0.75] [ 0.  0.  0.  0.  0.  0.  1.]
epoch: 40000
error: 0.0019
final: 0.0000
-----
state =  0 1 10 11 12 13 14 17 18
symbol= BPBTXSEPE
label = 040132646
true probabilities:
     B    T    S    X    P    V    E
1 [ 0.   0.5  0.   0.   0.5  0.   0. ]
10 [ 1.  0.  0.  0.  0.  0.  0.]
11 [ 0.   0.5  0.   0.   0.5  0.   0. ]
12 [ 0.   0.   0.5  0.5  0.   0.   0. ]
13 [ 0.   0.   0.5  0.5  0.   0.   0. ]
14 [ 0.  0.  0.  0.  0.  0.  1.]
17 [ 0.  0.  0.  0.  1.  0.  0.]
18 [ 0.  0.  0.  0.  0.  0.  1.]
hidden activations and output probabilities [BTSXPVE]:
1 [ 0.47 -0.02 -0.7   0.75  0.09] [ 0.    0.48  0.    0.    0.51  0.    0.  ]
10 [ 0.21  0.6   0.13  0.75  0.93] [ 1.  0.  0.  0.  0.  0.  0.]
11 [ 0.77 -0.67 -0.72  0.86  0.39] [ 0.    0.45  0.    0.    0.54  0.    0.  ]
12 [ 0.26 -0.78 -0.91 -0.72  0.86] [ 0.    0.01  0.46  0.54  0.    0.    0.  ]
13 [-0.46 -0.94  0.33 -0.89  0.89] [ 0.    0.01  0.59  0.39  0.    0.    0.  ]
14 [ 0.05 -0.9   0.77 -0.27 -0.61] [ 0.  0.  0.  0.  0.  0.  1.]
17 [ 0.74 -0.86  0.27  0.68 -0.52] [ 0.    0.01  0.    0.    0.99  0.    0.  ]
18 [ 0.17 -0.58  0.5  -0.29 -0.67] [ 0.  0.  0.  0.  0.  0.  1.]
epoch: 41000
error: 0.0013
final: 0.0000
-----
state =  0 1 2 3 4 4 5 8 7 5 8 8 8 8 8 8 8 8 7 5 6 9 18
symbol= BTBTSXXVPXTTTTTTTVPSETE
label = 01012335431111111542616
true probabilities:
     B    T    S    X    P    V    E
1 [ 0.   0.5  0.   0.   0.5  0.   0. ]
2 [ 1.  0.  0.  0.  0.  0.  0.]
3 [ 0.   0.5  0.   0.   0.5  0.   0. ]
4 [ 0.   0.   0.5  0.5  0.   0.   0. ]
4 [ 0.   0.   0.5  0.5  0.   0.   0. ]
5 [ 0.   0.   0.5  0.5  0.   0.   0. ]
8 [ 0.   0.5  0.   0.   0.   0.5  0. ]
7 [ 0.   0.   0.   0.   0.5  0.5  0. ]
5 [ 0.   0.   0.5  0.5  0.   0.   0. ]
8 [ 0.   0.5  0.   0.   0.   0.5  0. ]
8 [ 0.   0.5  0.   0.   0.   0.5  0. ]
8 [ 0.   0.5  0.   0.   0.   0.5  0. ]
8 [ 0.   0.5  0.   0.   0.   0.5  0. ]
8 [ 0.   0.5  0.   0.   0.   0.5  0. ]
8 [ 0.   0.5  0.   0.   0.   0.5  0. ]
8 [ 0.   0.5  0.   0.   0.   0.5  0. ]
8 [ 0.   0.5  0.   0.   0.   0.5  0. ]
7 [ 0.   0.   0.   0.   0.5  0.5  0. ]
5 [ 0.   0.   0.5  0.5  0.   0.   0. ]
6 [ 0.  0.  0.  0.  0.  0.  1.]
9 [ 0.  1.  0.  0.  0.  0.  0.]
18 [ 0.  0.  0.  0.  0.  0.  1.]
hidden activations and output probabilities [BTSXPVE]:
1 [ 0.47 -0.02 -0.7   0.75  0.09] [ 0.    0.49  0.    0.    0.51  0.    0.  ]
2 [-0.32  0.53 -0.95  0.3   0.85] [ 1.  0.  0.  0.  0.  0.  0.]
3 [ 0.43 -0.69 -0.89  0.82  0.11] [ 0.    0.49  0.    0.    0.51  0.    0.  ]
4 [-0.43 -0.16 -0.97 -0.65  0.82] [ 0.   0.   0.5  0.5  0.   0.   0. ]
4 [-0.23 -0.47 -0.99 -0.86  0.09] [ 0.    0.    0.47  0.52  0.    0.    0.  ]
5 [-0.61 -0.39  0.09 -0.93  0.68] [ 0.    0.    0.59  0.41  0.    0.    0.  ]
8 [ 0.18 -0.22  0.74 -0.02  0.86] [ 0.    0.4   0.    0.    0.    0.59  0.  ]
7 [ 0.84 -0.21  0.82 -0.14 -0.11] [ 0.    0.01  0.    0.    0.41  0.58  0.  ]
5 [ 0.03 -0.17  0.06 -0.99  0.65] [ 0.    0.    0.57  0.41  0.    0.01  0.  ]
8 [-0.03 -0.25  0.79 -0.12  0.86] [ 0.    0.47  0.01  0.01  0.    0.51  0.  ]
8 [ 0.03 -0.18  0.83 -0.    0.88] [ 0.    0.48  0.01  0.    0.    0.51  0.  ]
8 [ 0.06 -0.16  0.84 -0.    0.85] [ 0.    0.43  0.    0.    0.    0.56  0.  ]
8 [ 0.08 -0.16  0.83 -0.    0.84] [ 0.    0.41  0.    0.    0.    0.58  0.  ]
8 [ 0.09 -0.17  0.83 -0.    0.83] [ 0.    0.4   0.    0.    0.    0.59  0.  ]
8 [ 0.1  -0.18  0.83 -0.01  0.83] [ 0.    0.4   0.    0.    0.    0.59  0.  ]
8 [ 0.11 -0.18  0.83 -0.01  0.83] [ 0.    0.39  0.    0.    0.    0.59  0.  ]
8 [ 0.11 -0.19  0.83 -0.01  0.83] [ 0.    0.39  0.    0.    0.    0.6   0.  ]
7 [ 0.92 -0.16  0.84 -0.09 -0.21] [ 0.    0.    0.    0.    0.55  0.44  0.  ]
5 [ 0.04 -0.02  0.05 -0.96  0.58] [ 0.    0.    0.56  0.42  0.    0.01  0.  ]
6 [ 0.01 -0.12 -0.08 -0.9  -0.47] [ 0.  0.  0.  0.  0.  0.  1.]
9 [-0.68 -0.17  0.3   0.73 -0.07] [ 0.    0.99  0.    0.    0.01  0.    0.  ]
18 [-0.5   0.01 -0.06  0.13 -0.76] [ 0.  0.  0.  0.  0.  0.  1.]
epoch: 42000
error: 0.0015
final: 0.0000
-----
state =  0 1 2 3 4 4 5 6 9 18
symbol= BTBTSXSETE
label = 0101232616
true probabilities:
     B    T    S    X    P    V    E
1 [ 0.   0.5  0.   0.   0.5  0.   0. ]
2 [ 1.  0.  0.  0.  0.  0.  0.]
3 [ 0.   0.5  0.   0.   0.5  0.   0. ]
4 [ 0.   0.   0.5  0.5  0.   0.   0. ]
4 [ 0.   0.   0.5  0.5  0.   0.   0. ]
5 [ 0.   0.   0.5  0.5  0.   0.   0. ]
6 [ 0.  0.  0.  0.  0.  0.  1.]
9 [ 0.  1.  0.  0.  0.  0.  0.]
18 [ 0.  0.  0.  0.  0.  0.  1.]
hidden activations and output probabilities [BTSXPVE]:
1 [ 0.47 -0.02 -0.7   0.75  0.09] [ 0.    0.5   0.    0.    0.49  0.    0.  ]
2 [-0.33  0.53 -0.95  0.3   0.85] [ 1.  0.  0.  0.  0.  0.  0.]
3 [ 0.45 -0.69 -0.89  0.82  0.11] [ 0.    0.47  0.    0.    0.52  0.    0.  ]
4 [-0.42 -0.19 -0.97 -0.66  0.82] [ 0.   0.   0.5  0.5  0.   0.   0. ]
4 [-0.23 -0.47 -0.99 -0.87  0.1 ] [ 0.    0.    0.46  0.53  0.    0.    0.  ]
5 [-0.6  -0.4   0.08 -0.94  0.68] [ 0.   0.   0.6  0.4  0.   0.   0. ]
6 [ 0.05 -0.24 -0.27 -0.52 -0.56] [ 0.  0.  0.  0.  0.  0.  1.]
9 [-0.66 -0.26  0.42  0.74 -0.14] [ 0.    0.99  0.    0.    0.01  0.    0.  ]
18 [-0.47 -0.01 -0.02  0.09 -0.84] [ 0.  0.  0.  0.  0.  0.  1.]
epoch: 43000
error: 0.0009
final: 0.0000
-----
state =  0 1 10 11 16 15 13 14 17 18
symbol= BPBPVPSEPE
label = 0404542646
true probabilities:
     B    T    S    X    P    V    E
1 [ 0.   0.5  0.   0.   0.5  0.   0. ]
10 [ 1.  0.  0.  0.  0.  0.  0.]
11 [ 0.   0.5  0.   0.   0.5  0.   0. ]
16 [ 0.   0.5  0.   0.   0.   0.5  0. ]
15 [ 0.   0.   0.   0.   0.5  0.5  0. ]
13 [ 0.   0.   0.5  0.5  0.   0.   0. ]
14 [ 0.  0.  0.  0.  0.  0.  1.]
17 [ 0.  0.  0.  0.  1.  0.  0.]
18 [ 0.  0.  0.  0.  0.  0.  1.]
hidden activations and output probabilities [BTSXPVE]:
1 [ 0.47 -0.02 -0.7   0.75  0.09] [ 0.    0.52  0.    0.    0.47  0.    0.  ]
10 [ 0.19  0.59  0.14  0.76  0.93] [ 1.  0.  0.  0.  0.  0.  0.]
11 [ 0.76 -0.67 -0.72  0.85  0.41] [ 0.    0.53  0.    0.    0.47  0.    0.  ]
16 [ 0.35 -0.82  0.72  0.03  0.93] [ 0.    0.47  0.    0.    0.01  0.51  0.  ]
15 [ 0.98 -0.82  0.88 -0.16  0.07] [ 0.    0.01  0.    0.    0.42  0.57  0.  ]
13 [ 0.03 -0.92  0.12 -0.91  0.75] [ 0.    0.01  0.56  0.41  0.    0.01  0.  ]
14 [ 0.07 -0.93  0.84 -0.8  -0.51] [ 0.  0.  0.  0.  0.  0.  1.]
17 [ 0.83 -0.91  0.14  0.49 -0.4 ] [ 0.    0.01  0.    0.    0.99  0.    0.  ]
18 [ 0.16 -0.74  0.54 -0.34 -0.53] [ 0.  0.  0.  0.  0.  0.  1.]
epoch: 44000
error: 0.0009
final: 0.0000
-----
state =  0 1 2 3 4 4 5 6 9 18
symbol= BTBTSXSETE
label = 0101232616
true probabilities:
     B    T    S    X    P    V    E
1 [ 0.   0.5  0.   0.   0.5  0.   0. ]
2 [ 1.  0.  0.  0.  0.  0.  0.]
3 [ 0.   0.5  0.   0.   0.5  0.   0. ]
4 [ 0.   0.   0.5  0.5  0.   0.   0. ]
4 [ 0.   0.   0.5  0.5  0.   0.   0. ]
5 [ 0.   0.   0.5  0.5  0.   0.   0. ]
6 [ 0.  0.  0.  0.  0.  0.  1.]
9 [ 0.  1.  0.  0.  0.  0.  0.]
18 [ 0.  0.  0.  0.  0.  0.  1.]
hidden activations and output probabilities [BTSXPVE]:
1 [ 0.48 -0.02 -0.71  0.75  0.09] [ 0.    0.48  0.    0.    0.51  0.    0.  ]
2 [-0.33  0.55 -0.95  0.33  0.86] [ 1.  0.  0.  0.  0.  0.  0.]
3 [ 0.48 -0.68 -0.89  0.83  0.1 ] [ 0.    0.43  0.    0.    0.57  0.    0.  ]
4 [-0.4  -0.11 -0.97 -0.65  0.82] [ 0.    0.    0.47  0.52  0.    0.    0.  ]
4 [-0.22 -0.45 -0.99 -0.85  0.11] [ 0.    0.    0.44  0.55  0.    0.    0.  ]
5 [-0.59 -0.39  0.04 -0.94  0.67] [ 0.    0.    0.58  0.41  0.    0.    0.  ]
6 [ 0.05 -0.23 -0.37 -0.57 -0.54] [ 0.    0.    0.    0.    0.    0.    0.99]
9 [-0.69 -0.29  0.42  0.73 -0.13] [ 0.    0.99  0.    0.    0.01  0.    0.  ]
18 [-0.49 -0.01 -0.07  0.08 -0.81] [ 0.  0.  0.  0.  0.  0.  1.]
epoch: 45000
error: 0.0011
final: 0.0000
-----
state =  0 1 10 11 12 12 13 16 16 16 16 15 13 16 16 15 14 17 18
symbol= BPBTSXXTTTVPXTVVEPE
label = 0401233111543155646
true probabilities:
     B    T    S    X    P    V    E
1 [ 0.   0.5  0.   0.   0.5  0.   0. ]
10 [ 1.  0.  0.  0.  0.  0.  0.]
11 [ 0.   0.5  0.   0.   0.5  0.   0. ]
12 [ 0.   0.   0.5  0.5  0.   0.   0. ]
12 [ 0.   0.   0.5  0.5  0.   0.   0. ]
13 [ 0.   0.   0.5  0.5  0.   0.   0. ]
16 [ 0.   0.5  0.   0.   0.   0.5  0. ]
16 [ 0.   0.5  0.   0.   0.   0.5  0. ]
16 [ 0.   0.5  0.   0.   0.   0.5  0. ]
16 [ 0.   0.5  0.   0.   0.   0.5  0. ]
15 [ 0.   0.   0.   0.   0.5  0.5  0. ]
13 [ 0.   0.   0.5  0.5  0.   0.   0. ]
16 [ 0.   0.5  0.   0.   0.   0.5  0. ]
16 [ 0.   0.5  0.   0.   0.   0.5  0. ]
15 [ 0.   0.   0.   0.   0.5  0.5  0. ]
14 [ 0.  0.  0.  0.  0.  0.  1.]
17 [ 0.  0.  0.  0.  1.  0.  0.]
18 [ 0.  0.  0.  0.  0.  0.  1.]
hidden activations and output probabilities [BTSXPVE]:
1 [ 0.48 -0.03 -0.7   0.75  0.09] [ 0.    0.48  0.    0.    0.51  0.    0.  ]
10 [ 0.21  0.59  0.18  0.75  0.93] [ 1.  0.  0.  0.  0.  0.  0.]
11 [ 0.76 -0.67 -0.71  0.85  0.4 ] [ 0.    0.51  0.    0.    0.49  0.    0.  ]
12 [ 0.26 -0.8  -0.91 -0.71  0.87] [ 0.    0.    0.46  0.53  0.    0.    0.  ]
12 [-0.17 -0.95 -0.94 -0.93  0.34] [ 0.    0.    0.47  0.53  0.    0.    0.  ]
13 [-0.54 -0.96  0.33 -0.9   0.8 ] [ 0.    0.01  0.6   0.39  0.    0.    0.  ]
16 [ 0.19 -0.91  0.81 -0.    0.92] [ 0.    0.53  0.    0.    0.    0.46  0.  ]
16 [ 0.14 -0.88  0.92 -0.01  0.94] [ 0.    0.48  0.    0.    0.    0.51  0.  ]
16 [ 0.13 -0.85  0.92 -0.    0.94] [ 0.    0.48  0.    0.    0.    0.51  0.  ]
16 [ 0.14 -0.84  0.92 -0.    0.93] [ 0.    0.47  0.    0.    0.    0.52  0.  ]
15 [ 0.98 -0.8   0.92 -0.04  0.11] [ 0.    0.01  0.    0.    0.39  0.6   0.  ]
13 [ 0.03 -0.94  0.15 -0.95  0.76] [ 0.    0.01  0.56  0.42  0.    0.01  0.  ]
16 [ 0.23 -0.95  0.87 -0.05  0.92] [ 0.    0.41  0.    0.    0.    0.58  0.  ]
16 [ 0.13 -0.9   0.91 -0.    0.94] [ 0.   0.5  0.   0.   0.   0.5  0. ]
15 [ 0.97 -0.86  0.93 -0.04  0.13] [ 0.    0.01  0.    0.    0.37  0.61  0.  ]
14 [ 0.97 -0.89  0.64 -0.76 -0.68] [ 0.  0.  0.  0.  0.  0.  1.]
17 [ 0.84 -0.96  0.11  0.44 -0.59] [ 0.  0.  0.  0.  1.  0.  0.]
18 [ 0.18 -0.85  0.51 -0.54 -0.68] [ 0.  0.  0.  0.  0.  0.  1.]
epoch: 46000
error: 0.0012
final: 0.0000
-----
state =  0 1 2 3 8 7 5 8 8 7 5 6 9 18
symbol= BTBPVPXTVPSETE
label = 01045431542616
true probabilities:
     B    T    S    X    P    V    E
1 [ 0.   0.5  0.   0.   0.5  0.   0. ]
2 [ 1.  0.  0.  0.  0.  0.  0.]
3 [ 0.   0.5  0.   0.   0.5  0.   0. ]
8 [ 0.   0.5  0.   0.   0.   0.5  0. ]
7 [ 0.   0.   0.   0.   0.5  0.5  0. ]
5 [ 0.   0.   0.5  0.5  0.   0.   0. ]
8 [ 0.   0.5  0.   0.   0.   0.5  0. ]
8 [ 0.   0.5  0.   0.   0.   0.5  0. ]
7 [ 0.   0.   0.   0.   0.5  0.5  0. ]
5 [ 0.   0.   0.5  0.5  0.   0.   0. ]
6 [ 0.  0.  0.  0.  0.  0.  1.]
9 [ 0.  1.  0.  0.  0.  0.  0.]
18 [ 0.  0.  0.  0.  0.  0.  1.]
hidden activations and output probabilities [BTSXPVE]:
1 [ 0.48 -0.02 -0.7   0.75  0.09] [ 0.    0.5   0.    0.    0.49  0.    0.  ]
2 [-0.32  0.54 -0.95  0.4   0.86] [ 1.  0.  0.  0.  0.  0.  0.]
3 [ 0.41 -0.68 -0.89  0.84  0.13] [ 0.    0.58  0.    0.    0.42  0.    0.  ]
8 [ 0.29 -0.15  0.66  0.11  0.89] [ 0.    0.45  0.    0.    0.    0.54  0.  ]
7 [ 0.87 -0.25  0.83 -0.2  -0.14] [ 0.    0.    0.    0.    0.44  0.54  0.01]
5 [ 0.03 -0.25  0.05 -0.9   0.63] [ 0.    0.01  0.56  0.42  0.    0.01  0.  ]
8 [ 0.03 -0.31  0.79 -0.13  0.86] [ 0.    0.41  0.01  0.01  0.    0.57  0.  ]
8 [ 0.04 -0.22  0.83 -0.    0.9 ] [ 0.    0.47  0.    0.    0.    0.52  0.  ]
7 [ 0.8  -0.17  0.86 -0.06 -0.11] [ 0.    0.01  0.    0.    0.38  0.61  0.  ]
5 [ 0.03 -0.11  0.06 -0.95  0.64] [ 0.    0.    0.56  0.42  0.    0.01  0.  ]
6 [ 0.02 -0.18 -0.16 -0.89 -0.46] [ 0.  0.  0.  0.  0.  0.  1.]
9 [-0.67 -0.26  0.33  0.73 -0.08] [ 0.    0.99  0.    0.    0.01  0.    0.  ]
18 [-0.52 -0.   -0.05  0.1  -0.73] [ 0.  0.  0.  0.  0.  0.  1.]
epoch: 47000
error: 0.0015
final: 0.0000
-----
state =  0 1 2 3 4 5 8 8 7 5 6 9 18
symbol= BTBTXXTVPSETE
label = 0101331542616
true probabilities:
     B    T    S    X    P    V    E
1 [ 0.   0.5  0.   0.   0.5  0.   0. ]
2 [ 1.  0.  0.  0.  0.  0.  0.]
3 [ 0.   0.5  0.   0.   0.5  0.   0. ]
4 [ 0.   0.   0.5  0.5  0.   0.   0. ]
5 [ 0.   0.   0.5  0.5  0.   0.   0. ]
8 [ 0.   0.5  0.   0.   0.   0.5  0. ]
8 [ 0.   0.5  0.   0.   0.   0.5  0. ]
7 [ 0.   0.   0.   0.   0.5  0.5  0. ]
5 [ 0.   0.   0.5  0.5  0.   0.   0. ]
6 [ 0.  0.  0.  0.  0.  0.  1.]
9 [ 0.  1.  0.  0.  0.  0.  0.]
18 [ 0.  0.  0.  0.  0.  0.  1.]
hidden activations and output probabilities [BTSXPVE]:
1 [ 0.48 -0.01 -0.7   0.75  0.08] [ 0.    0.49  0.    0.    0.5   0.    0.  ]
2 [-0.32  0.53 -0.95  0.41  0.86] [ 1.  0.  0.  0.  0.  0.  0.]
3 [ 0.45 -0.68 -0.88  0.84  0.12] [ 0.    0.51  0.    0.    0.49  0.    0.  ]
4 [-0.42 -0.16 -0.97 -0.62  0.83] [ 0.    0.    0.48  0.51  0.    0.    0.  ]
5 [-0.45 -0.49  0.02 -0.73  0.7 ] [ 0.    0.01  0.57  0.42  0.    0.    0.  ]
8 [ 0.16 -0.37  0.74 -0.04  0.86] [ 0.    0.42  0.01  0.    0.    0.56  0.  ]
8 [ 0.07 -0.32  0.85 -0.01  0.9 ] [ 0.    0.45  0.    0.    0.    0.54  0.  ]
7 [ 0.84 -0.23  0.87 -0.06 -0.08] [ 0.    0.01  0.    0.    0.37  0.62  0.  ]
5 [ 0.03 -0.23  0.06 -0.96  0.66] [ 0.    0.    0.56  0.42  0.    0.01  0.  ]
6 [ 0.03 -0.28 -0.05 -0.88 -0.46] [ 0.  0.  0.  0.  0.  0.  1.]
9 [-0.62 -0.35  0.31  0.72 -0.11] [ 0.    0.99  0.    0.    0.01  0.    0.  ]
18 [-0.53 -0.02  0.11  0.12 -0.74] [ 0.  0.  0.  0.  0.  0.  1.]
epoch: 48000
error: 0.0014
final: 0.0000
-----
state =  0 1 2 3 4 5 8 7 5 8 7 5 8 7 6 9 18
symbol= BTBTXXVPXVPXVVETE
label = 01013354354355616
true probabilities:
     B    T    S    X    P    V    E
1 [ 0.   0.5  0.   0.   0.5  0.   0. ]
2 [ 1.  0.  0.  0.  0.  0.  0.]
3 [ 0.   0.5  0.   0.   0.5  0.   0. ]
4 [ 0.   0.   0.5  0.5  0.   0.   0. ]
5 [ 0.   0.   0.5  0.5  0.   0.   0. ]
8 [ 0.   0.5  0.   0.   0.   0.5  0. ]
7 [ 0.   0.   0.   0.   0.5  0.5  0. ]
5 [ 0.   0.   0.5  0.5  0.   0.   0. ]
8 [ 0.   0.5  0.   0.   0.   0.5  0. ]
7 [ 0.   0.   0.   0.   0.5  0.5  0. ]
5 [ 0.   0.   0.5  0.5  0.   0.   0. ]
8 [ 0.   0.5  0.   0.   0.   0.5  0. ]
7 [ 0.   0.   0.   0.   0.5  0.5  0. ]
6 [ 0.  0.  0.  0.  0.  0.  1.]
9 [ 0.  1.  0.  0.  0.  0.  0.]
18 [ 0.  0.  0.  0.  0.  0.  1.]
hidden activations and output probabilities [BTSXPVE]:
1 [ 0.5  -0.02 -0.71  0.75  0.08] [ 0.    0.46  0.    0.    0.53  0.    0.  ]
2 [-0.31  0.54 -0.95  0.35  0.86] [ 1.  0.  0.  0.  0.  0.  0.]
3 [ 0.45 -0.68 -0.88  0.83  0.11] [ 0.    0.47  0.    0.    0.53  0.    0.  ]
4 [-0.41 -0.14 -0.97 -0.64  0.82] [ 0.    0.    0.51  0.49  0.    0.    0.  ]
5 [-0.46 -0.47 -0.02 -0.74  0.7 ] [ 0.    0.01  0.58  0.41  0.    0.    0.  ]
8 [ 0.17 -0.36  0.73 -0.05  0.86] [ 0.    0.43  0.01  0.    0.    0.56  0.  ]
7 [ 0.83 -0.32  0.84 -0.14 -0.16] [ 0.    0.01  0.    0.    0.5   0.49  0.  ]
5 [ 0.03 -0.28  0.05 -0.99  0.61] [ 0.    0.    0.58  0.41  0.    0.01  0.  ]
8 [-0.01 -0.34  0.78 -0.12  0.86] [ 0.    0.49  0.01  0.01  0.    0.49  0.  ]
7 [ 0.7  -0.22  0.84 -0.06 -0.17] [ 0.    0.01  0.    0.    0.45  0.53  0.01]
5 [ 0.04 -0.12  0.06 -0.99  0.58] [ 0.    0.    0.58  0.41  0.    0.01  0.  ]
8 [-0.06 -0.19  0.76 -0.13  0.83] [ 0.    0.5   0.02  0.01  0.    0.47  0.  ]
7 [ 0.63 -0.11  0.83 -0.06 -0.19] [ 0.    0.02  0.    0.    0.42  0.55  0.01]
6 [ 0.25 -0.02  0.41 -0.82 -0.77] [ 0.  0.  0.  0.  0.  0.  1.]
9 [-0.6  -0.03  0.09  0.7  -0.05] [ 0.    0.98  0.    0.    0.01  0.    0.  ]
18 [-0.56  0.04  0.51  0.27 -0.78] [ 0.  0.  0.  0.  0.  0.  1.]
epoch: 49000
error: 0.0009
final: 0.0000
-----
state =  0 1 2 3 4 4 4 5 6 9 18
symbol= BTBTSSXSETE
label = 01012232616
true probabilities:
     B    T    S    X    P    V    E
1 [ 0.   0.5  0.   0.   0.5  0.   0. ]
2 [ 1.  0.  0.  0.  0.  0.  0.]
3 [ 0.   0.5  0.   0.   0.5  0.   0. ]
4 [ 0.   0.   0.5  0.5  0.   0.   0. ]
4 [ 0.   0.   0.5  0.5  0.   0.   0. ]
4 [ 0.   0.   0.5  0.5  0.   0.   0. ]
5 [ 0.   0.   0.5  0.5  0.   0.   0. ]
6 [ 0.  0.  0.  0.  0.  0.  1.]
9 [ 0.  1.  0.  0.  0.  0.  0.]
18 [ 0.  0.  0.  0.  0.  0.  1.]
hidden activations and output probabilities [BTSXPVE]:
1 [ 0.49 -0.   -0.71  0.75  0.08] [ 0.    0.47  0.    0.    0.53  0.    0.  ]
2 [-0.31  0.55 -0.95  0.38  0.85] [ 1.  0.  0.  0.  0.  0.  0.]
3 [ 0.47 -0.68 -0.88  0.84  0.11] [ 0.    0.45  0.    0.    0.55  0.    0.  ]
4 [-0.4  -0.14 -0.97 -0.64  0.82] [ 0.   0.   0.5  0.5  0.   0.   0. ]
4 [-0.22 -0.45 -0.99 -0.87  0.14] [ 0.    0.    0.47  0.53  0.    0.    0.  ]
4 [-0.33 -0.47 -0.98 -0.96  0.2 ] [ 0.    0.    0.48  0.52  0.    0.    0.  ]
5 [-0.57 -0.44 -0.   -0.91  0.68] [ 0.   0.   0.6  0.4  0.   0.   0. ]
6 [ 0.06 -0.28 -0.37 -0.65 -0.51] [ 0.    0.    0.    0.    0.    0.    0.99]
9 [-0.69 -0.36  0.4   0.73 -0.14] [ 0.    0.99  0.    0.    0.01  0.    0.  ]
18 [-0.51 -0.02 -0.    0.07 -0.79] [ 0.  0.  0.  0.  0.  0.  1.]
epoch: 50000
error: 0.0008
final: 0.0000
